/*--------------------------------*- C++ -*----------------------------------*\
| =========                 |                                                 |
| \\      /  F ield         | OpenFOAM: The Open Source CFD Toolbox           |
|  \\    /   O peration     | Version:  2306                                  |
|   \\  /    A nd           | Website:  www.openfoam.com                      |
|    \\/     M anipulation  |                                                 |
\*---------------------------------------------------------------------------*/
FoamFile
{
    version     2.0;
    format      ascii;
    arch        "LSB;label=32;scalar=64";
    class       labelList;
    location    "constant/polyMesh";
    object      cellProcAddressing;
}
// * * * * * * * * * * * * * * * * * * * * * * * * * * * * * * * * * * * * * //


256
(
8
9
10
11
12
13
14
15
24
25
26
27
28
29
30
31
40
41
42
43
44
45
46
47
56
57
58
59
60
61
62
63
72
73
74
75
76
77
78
79
88
89
90
91
92
93
94
95
104
105
106
107
108
109
110
111
120
121
122
123
124
125
126
127
136
137
138
139
140
141
142
143
152
153
154
155
156
157
158
159
168
169
170
171
172
173
174
175
184
185
186
187
188
189
190
191
200
201
202
203
204
205
206
207
216
217
218
219
220
221
222
223
232
233
234
235
236
237
238
239
248
249
250
251
252
253
254
255
264
265
266
267
268
269
270
271
280
281
282
283
284
285
286
287
296
297
298
299
300
301
302
303
312
313
314
315
316
317
318
319
328
329
330
331
332
333
334
335
344
345
346
347
348
349
350
351
360
361
362
363
364
365
366
367
376
377
378
379
380
381
382
383
392
393
394
395
396
397
398
399
408
409
410
411
412
413
414
415
424
425
426
427
428
429
430
431
440
441
442
443
444
445
446
447
456
457
458
459
460
461
462
463
472
473
474
475
476
477
478
479
488
489
490
491
492
493
494
495
504
505
506
507
508
509
510
511
)


// ************************************************************************* //
