/*--------------------------------*- C++ -*----------------------------------*\
| =========                 |                                                 |
| \\      /  F ield         | OpenFOAM: The Open Source CFD Toolbox           |
|  \\    /   O peration     | Version:  2306                                  |
|   \\  /    A nd           | Website:  www.openfoam.com                      |
|    \\/     M anipulation  |                                                 |
\*---------------------------------------------------------------------------*/
FoamFile
{
    version     2.0;
    format      ascii;
    arch        "LSB;label=32;scalar=64";
    class       labelList;
    location    "constant/polyMesh";
    object      pointProcAddressing;
}
// * * * * * * * * * * * * * * * * * * * * * * * * * * * * * * * * * * * * * //


405
(
8
9
10
11
12
13
14
15
16
25
26
27
28
29
30
31
32
33
42
43
44
45
46
47
48
49
50
59
60
61
62
63
64
65
66
67
76
77
78
79
80
81
82
83
84
93
94
95
96
97
98
99
100
101
110
111
112
113
114
115
116
117
118
127
128
129
130
131
132
133
134
135
144
145
146
147
148
149
150
151
152
161
162
163
164
165
166
167
168
169
178
179
180
181
182
183
184
185
186
195
196
197
198
199
200
201
202
203
212
213
214
215
216
217
218
219
220
229
230
231
232
233
234
235
236
237
246
247
248
249
250
251
252
253
254
263
264
265
266
267
268
269
270
271
280
281
282
283
284
285
286
287
288
297
298
299
300
301
302
303
304
305
314
315
316
317
318
319
320
321
322
331
332
333
334
335
336
337
338
339
348
349
350
351
352
353
354
355
356
365
366
367
368
369
370
371
372
373
382
383
384
385
386
387
388
389
390
399
400
401
402
403
404
405
406
407
416
417
418
419
420
421
422
423
424
433
434
435
436
437
438
439
440
441
450
451
452
453
454
455
456
457
458
467
468
469
470
471
472
473
474
475
484
485
486
487
488
489
490
491
492
501
502
503
504
505
506
507
508
509
518
519
520
521
522
523
524
525
526
535
536
537
538
539
540
541
542
543
552
553
554
555
556
557
558
559
560
569
570
571
572
573
574
575
576
577
586
587
588
589
590
591
592
593
594
603
604
605
606
607
608
609
610
611
620
621
622
623
624
625
626
627
628
637
638
639
640
641
642
643
644
645
654
655
656
657
658
659
660
661
662
671
672
673
674
675
676
677
678
679
688
689
690
691
692
693
694
695
696
705
706
707
708
709
710
711
712
713
722
723
724
725
726
727
728
729
730
739
740
741
742
743
744
745
746
747
756
757
758
759
760
761
762
763
764
)


// ************************************************************************* //
