/*--------------------------------*- C++ -*----------------------------------*\
| =========                 |                                                 |
| \\      /  F ield         | OpenFOAM: The Open Source CFD Toolbox           |
|  \\    /   O peration     | Version:  2306                                  |
|   \\  /    A nd           | Website:  www.openfoam.com                      |
|    \\/     M anipulation  |                                                 |
\*---------------------------------------------------------------------------*/
FoamFile
{
    version     2.0;
    format      ascii;
    arch        "LSB;label=32;scalar=64";
    class       vectorField;
    location    "constant/polyMesh";
    object      points;
}
// * * * * * * * * * * * * * * * * * * * * * * * * * * * * * * * * * * * * * //


405
(
(96 0 0)
(108 0 0)
(120 0 0)
(132 0 0)
(144 0 0)
(156 0 0)
(168 0 0)
(180 0 0)
(192 0 0)
(96 4.75 0)
(108 4.75 0)
(120 4.75 0)
(132 4.75 0)
(144 4.75 0)
(156 4.75 0)
(168 4.75 0)
(180 4.75 0)
(192 4.75 0)
(96 9.5 0)
(108 9.5 0)
(120 9.5 0)
(132 9.5 0)
(144 9.5 0)
(156 9.5 0)
(168 9.5 0)
(180 9.5 0)
(192 9.5 0)
(96 14.25 0)
(108 14.25 0)
(120 14.25 0)
(132 14.25 0)
(144 14.25 0)
(156 14.25 0)
(168 14.25 0)
(180 14.25 0)
(192 14.25 0)
(96 19 0)
(108 19 0)
(120 19 0)
(132 19 0)
(144 19 0)
(156 19 0)
(168 19 0)
(180 19 0)
(192 19 0)
(96 23.75 0)
(108 23.75 0)
(120 23.75 0)
(132 23.75 0)
(144 23.75 0)
(156 23.75 0)
(168 23.75 0)
(180 23.75 0)
(192 23.75 0)
(96 28.5 0)
(108 28.5 0)
(120 28.5 0)
(132 28.5 0)
(144 28.5 0)
(156 28.5 0)
(168 28.5 0)
(180 28.5 0)
(192 28.5 0)
(96 33.25 0)
(108 33.25 0)
(120 33.25 0)
(132 33.25 0)
(144 33.25 0)
(156 33.25 0)
(168 33.25 0)
(180 33.25 0)
(192 33.25 0)
(96 38 0)
(108 38 0)
(120 38 0)
(132 38 0)
(144 38 0)
(156 38 0)
(168 38 0)
(180 38 0)
(192 38 0)
(96 0 12.5)
(108 0 12.5)
(120 0 12.5)
(132 0 12.5)
(144 0 12.5)
(156 0 12.5)
(168 0 12.5)
(180 0 12.5)
(192 0 12.5)
(96 4.75 12.5)
(108 4.75 12.5)
(120 4.75 12.5)
(132 4.75 12.5)
(144 4.75 12.5)
(156 4.75 12.5)
(168 4.75 12.5)
(180 4.75 12.5)
(192 4.75 12.5)
(96 9.5 12.5)
(108 9.5 12.5)
(120 9.5 12.5)
(132 9.5 12.5)
(144 9.5 12.5)
(156 9.5 12.5)
(168 9.5 12.5)
(180 9.5 12.5)
(192 9.5 12.5)
(96 14.25 12.5)
(108 14.25 12.5)
(120 14.25 12.5)
(132 14.25 12.5)
(144 14.25 12.5)
(156 14.25 12.5)
(168 14.25 12.5)
(180 14.25 12.5)
(192 14.25 12.5)
(96 19 12.5)
(108 19 12.5)
(120 19 12.5)
(132 19 12.5)
(144 19 12.5)
(156 19 12.5)
(168 19 12.5)
(180 19 12.5)
(192 19 12.5)
(96 23.75 12.5)
(108 23.75 12.5)
(120 23.75 12.5)
(132 23.75 12.5)
(144 23.75 12.5)
(156 23.75 12.5)
(168 23.75 12.5)
(180 23.75 12.5)
(192 23.75 12.5)
(96 28.5 12.5)
(108 28.5 12.5)
(120 28.5 12.5)
(132 28.5 12.5)
(144 28.5 12.5)
(156 28.5 12.5)
(168 28.5 12.5)
(180 28.5 12.5)
(192 28.5 12.5)
(96 33.25 12.5)
(108 33.25 12.5)
(120 33.25 12.5)
(132 33.25 12.5)
(144 33.25 12.5)
(156 33.25 12.5)
(168 33.25 12.5)
(180 33.25 12.5)
(192 33.25 12.5)
(96 38 12.5)
(108 38 12.5)
(120 38 12.5)
(132 38 12.5)
(144 38 12.5)
(156 38 12.5)
(168 38 12.5)
(180 38 12.5)
(192 38 12.5)
(96 0 25)
(108 0 25)
(120 0 25)
(132 0 25)
(144 0 25)
(156 0 25)
(168 0 25)
(180 0 25)
(192 0 25)
(96 4.75 25)
(108 4.75 25)
(120 4.75 25)
(132 4.75 25)
(144 4.75 25)
(156 4.75 25)
(168 4.75 25)
(180 4.75 25)
(192 4.75 25)
(96 9.5 25)
(108 9.5 25)
(120 9.5 25)
(132 9.5 25)
(144 9.5 25)
(156 9.5 25)
(168 9.5 25)
(180 9.5 25)
(192 9.5 25)
(96 14.25 25)
(108 14.25 25)
(120 14.25 25)
(132 14.25 25)
(144 14.25 25)
(156 14.25 25)
(168 14.25 25)
(180 14.25 25)
(192 14.25 25)
(96 19 25)
(108 19 25)
(120 19 25)
(132 19 25)
(144 19 25)
(156 19 25)
(168 19 25)
(180 19 25)
(192 19 25)
(96 23.75 25)
(108 23.75 25)
(120 23.75 25)
(132 23.75 25)
(144 23.75 25)
(156 23.75 25)
(168 23.75 25)
(180 23.75 25)
(192 23.75 25)
(96 28.5 25)
(108 28.5 25)
(120 28.5 25)
(132 28.5 25)
(144 28.5 25)
(156 28.5 25)
(168 28.5 25)
(180 28.5 25)
(192 28.5 25)
(96 33.25 25)
(108 33.25 25)
(120 33.25 25)
(132 33.25 25)
(144 33.25 25)
(156 33.25 25)
(168 33.25 25)
(180 33.25 25)
(192 33.25 25)
(96 38 25)
(108 38 25)
(120 38 25)
(132 38 25)
(144 38 25)
(156 38 25)
(168 38 25)
(180 38 25)
(192 38 25)
(96 0 37.5)
(108 0 37.5)
(120 0 37.5)
(132 0 37.5)
(144 0 37.5)
(156 0 37.5)
(168 0 37.5)
(180 0 37.5)
(192 0 37.5)
(96 4.75 37.5)
(108 4.75 37.5)
(120 4.75 37.5)
(132 4.75 37.5)
(144 4.75 37.5)
(156 4.75 37.5)
(168 4.75 37.5)
(180 4.75 37.5)
(192 4.75 37.5)
(96 9.5 37.5)
(108 9.5 37.5)
(120 9.5 37.5)
(132 9.5 37.5)
(144 9.5 37.5)
(156 9.5 37.5)
(168 9.5 37.5)
(180 9.5 37.5)
(192 9.5 37.5)
(96 14.25 37.5)
(108 14.25 37.5)
(120 14.25 37.5)
(132 14.25 37.5)
(144 14.25 37.5)
(156 14.25 37.5)
(168 14.25 37.5)
(180 14.25 37.5)
(192 14.25 37.5)
(96 19 37.5)
(108 19 37.5)
(120 19 37.5)
(132 19 37.5)
(144 19 37.5)
(156 19 37.5)
(168 19 37.5)
(180 19 37.5)
(192 19 37.5)
(96 23.75 37.5)
(108 23.75 37.5)
(120 23.75 37.5)
(132 23.75 37.5)
(144 23.75 37.5)
(156 23.75 37.5)
(168 23.75 37.5)
(180 23.75 37.5)
(192 23.75 37.5)
(96 28.5 37.5)
(108 28.5 37.5)
(120 28.5 37.5)
(132 28.5 37.5)
(144 28.5 37.5)
(156 28.5 37.5)
(168 28.5 37.5)
(180 28.5 37.5)
(192 28.5 37.5)
(96 33.25 37.5)
(108 33.25 37.5)
(120 33.25 37.5)
(132 33.25 37.5)
(144 33.25 37.5)
(156 33.25 37.5)
(168 33.25 37.5)
(180 33.25 37.5)
(192 33.25 37.5)
(96 38 37.5)
(108 38 37.5)
(120 38 37.5)
(132 38 37.5)
(144 38 37.5)
(156 38 37.5)
(168 38 37.5)
(180 38 37.5)
(192 38 37.5)
(96 0 50)
(108 0 50)
(120 0 50)
(132 0 50)
(144 0 50)
(156 0 50)
(168 0 50)
(180 0 50)
(192 0 50)
(96 4.75 50)
(108 4.75 50)
(120 4.75 50)
(132 4.75 50)
(144 4.75 50)
(156 4.75 50)
(168 4.75 50)
(180 4.75 50)
(192 4.75 50)
(96 9.5 50)
(108 9.5 50)
(120 9.5 50)
(132 9.5 50)
(144 9.5 50)
(156 9.5 50)
(168 9.5 50)
(180 9.5 50)
(192 9.5 50)
(96 14.25 50)
(108 14.25 50)
(120 14.25 50)
(132 14.25 50)
(144 14.25 50)
(156 14.25 50)
(168 14.25 50)
(180 14.25 50)
(192 14.25 50)
(96 19 50)
(108 19 50)
(120 19 50)
(132 19 50)
(144 19 50)
(156 19 50)
(168 19 50)
(180 19 50)
(192 19 50)
(96 23.75 50)
(108 23.75 50)
(120 23.75 50)
(132 23.75 50)
(144 23.75 50)
(156 23.75 50)
(168 23.75 50)
(180 23.75 50)
(192 23.75 50)
(96 28.5 50)
(108 28.5 50)
(120 28.5 50)
(132 28.5 50)
(144 28.5 50)
(156 28.5 50)
(168 28.5 50)
(180 28.5 50)
(192 28.5 50)
(96 33.25 50)
(108 33.25 50)
(120 33.25 50)
(132 33.25 50)
(144 33.25 50)
(156 33.25 50)
(168 33.25 50)
(180 33.25 50)
(192 33.25 50)
(96 38 50)
(108 38 50)
(120 38 50)
(132 38 50)
(144 38 50)
(156 38 50)
(168 38 50)
(180 38 50)
(192 38 50)
)


// ************************************************************************* //
