/*--------------------------------*- C++ -*----------------------------------*\
| =========                 |                                                 |
| \\      /  F ield         | OpenFOAM: The Open Source CFD Toolbox           |
|  \\    /   O peration     | Version:  2306                                  |
|   \\  /    A nd           | Website:  www.openfoam.com                      |
|    \\/     M anipulation  |                                                 |
\*---------------------------------------------------------------------------*/
FoamFile
{
    version     2.0;
    format      ascii;
    arch        "LSB;label=32;scalar=64";
    class       labelList;
    location    "constant/polyMesh";
    object      cellProcAddressing;
}
// * * * * * * * * * * * * * * * * * * * * * * * * * * * * * * * * * * * * * //


256
(
0
1
2
3
4
5
6
7
16
17
18
19
20
21
22
23
32
33
34
35
36
37
38
39
48
49
50
51
52
53
54
55
64
65
66
67
68
69
70
71
80
81
82
83
84
85
86
87
96
97
98
99
100
101
102
103
112
113
114
115
116
117
118
119
128
129
130
131
132
133
134
135
144
145
146
147
148
149
150
151
160
161
162
163
164
165
166
167
176
177
178
179
180
181
182
183
192
193
194
195
196
197
198
199
208
209
210
211
212
213
214
215
224
225
226
227
228
229
230
231
240
241
242
243
244
245
246
247
256
257
258
259
260
261
262
263
272
273
274
275
276
277
278
279
288
289
290
291
292
293
294
295
304
305
306
307
308
309
310
311
320
321
322
323
324
325
326
327
336
337
338
339
340
341
342
343
352
353
354
355
356
357
358
359
368
369
370
371
372
373
374
375
384
385
386
387
388
389
390
391
400
401
402
403
404
405
406
407
416
417
418
419
420
421
422
423
432
433
434
435
436
437
438
439
448
449
450
451
452
453
454
455
464
465
466
467
468
469
470
471
480
481
482
483
484
485
486
487
496
497
498
499
500
501
502
503
)


// ************************************************************************* //
