/*--------------------------------*- C++ -*----------------------------------*\
| =========                 |                                                 |
| \\      /  F ield         | OpenFOAM: The Open Source CFD Toolbox           |
|  \\    /   O peration     | Version:  2306                                  |
|   \\  /    A nd           | Website:  www.openfoam.com                      |
|    \\/     M anipulation  |                                                 |
\*---------------------------------------------------------------------------*/
FoamFile
{
    version     2.0;
    format      ascii;
    arch        "LSB;label=32;scalar=64";
    class       faceList;
    location    "constant/polyMesh";
    object      faces;
}
// * * * * * * * * * * * * * * * * * * * * * * * * * * * * * * * * * * * * * //


896
(
4(1 10 91 82)
4(9 90 91 10)
4(81 82 91 90)
4(2 11 92 83)
4(10 91 92 11)
4(82 83 92 91)
4(3 12 93 84)
4(11 92 93 12)
4(83 84 93 92)
4(4 13 94 85)
4(12 93 94 13)
4(84 85 94 93)
4(5 14 95 86)
4(13 94 95 14)
4(85 86 95 94)
4(6 15 96 87)
4(14 95 96 15)
4(86 87 96 95)
4(7 16 97 88)
4(15 96 97 16)
4(87 88 97 96)
4(16 97 98 17)
4(88 89 98 97)
4(10 19 100 91)
4(18 99 100 19)
4(90 91 100 99)
4(11 20 101 92)
4(19 100 101 20)
4(91 92 101 100)
4(12 21 102 93)
4(20 101 102 21)
4(92 93 102 101)
4(13 22 103 94)
4(21 102 103 22)
4(93 94 103 102)
4(14 23 104 95)
4(22 103 104 23)
4(94 95 104 103)
4(15 24 105 96)
4(23 104 105 24)
4(95 96 105 104)
4(16 25 106 97)
4(24 105 106 25)
4(96 97 106 105)
4(25 106 107 26)
4(97 98 107 106)
4(19 28 109 100)
4(27 108 109 28)
4(99 100 109 108)
4(20 29 110 101)
4(28 109 110 29)
4(100 101 110 109)
4(21 30 111 102)
4(29 110 111 30)
4(101 102 111 110)
4(22 31 112 103)
4(30 111 112 31)
4(102 103 112 111)
4(23 32 113 104)
4(31 112 113 32)
4(103 104 113 112)
4(24 33 114 105)
4(32 113 114 33)
4(104 105 114 113)
4(25 34 115 106)
4(33 114 115 34)
4(105 106 115 114)
4(34 115 116 35)
4(106 107 116 115)
4(28 37 118 109)
4(36 117 118 37)
4(108 109 118 117)
4(29 38 119 110)
4(37 118 119 38)
4(109 110 119 118)
4(30 39 120 111)
4(38 119 120 39)
4(110 111 120 119)
4(31 40 121 112)
4(39 120 121 40)
4(111 112 121 120)
4(32 41 122 113)
4(40 121 122 41)
4(112 113 122 121)
4(33 42 123 114)
4(41 122 123 42)
4(113 114 123 122)
4(34 43 124 115)
4(42 123 124 43)
4(114 115 124 123)
4(43 124 125 44)
4(115 116 125 124)
4(37 46 127 118)
4(45 126 127 46)
4(117 118 127 126)
4(38 47 128 119)
4(46 127 128 47)
4(118 119 128 127)
4(39 48 129 120)
4(47 128 129 48)
4(119 120 129 128)
4(40 49 130 121)
4(48 129 130 49)
4(120 121 130 129)
4(41 50 131 122)
4(49 130 131 50)
4(121 122 131 130)
4(42 51 132 123)
4(50 131 132 51)
4(122 123 132 131)
4(43 52 133 124)
4(51 132 133 52)
4(123 124 133 132)
4(52 133 134 53)
4(124 125 134 133)
4(46 55 136 127)
4(54 135 136 55)
4(126 127 136 135)
4(47 56 137 128)
4(55 136 137 56)
4(127 128 137 136)
4(48 57 138 129)
4(56 137 138 57)
4(128 129 138 137)
4(49 58 139 130)
4(57 138 139 58)
4(129 130 139 138)
4(50 59 140 131)
4(58 139 140 59)
4(130 131 140 139)
4(51 60 141 132)
4(59 140 141 60)
4(131 132 141 140)
4(52 61 142 133)
4(60 141 142 61)
4(132 133 142 141)
4(61 142 143 62)
4(133 134 143 142)
4(55 64 145 136)
4(63 144 145 64)
4(135 136 145 144)
4(56 65 146 137)
4(64 145 146 65)
4(136 137 146 145)
4(57 66 147 138)
4(65 146 147 66)
4(137 138 147 146)
4(58 67 148 139)
4(66 147 148 67)
4(138 139 148 147)
4(59 68 149 140)
4(67 148 149 68)
4(139 140 149 148)
4(60 69 150 141)
4(68 149 150 69)
4(140 141 150 149)
4(61 70 151 142)
4(69 150 151 70)
4(141 142 151 150)
4(70 151 152 71)
4(142 143 152 151)
4(64 73 154 145)
4(144 145 154 153)
4(65 74 155 146)
4(145 146 155 154)
4(66 75 156 147)
4(146 147 156 155)
4(67 76 157 148)
4(147 148 157 156)
4(68 77 158 149)
4(148 149 158 157)
4(69 78 159 150)
4(149 150 159 158)
4(70 79 160 151)
4(150 151 160 159)
4(151 152 161 160)
4(82 91 172 163)
4(90 171 172 91)
4(162 163 172 171)
4(83 92 173 164)
4(91 172 173 92)
4(163 164 173 172)
4(84 93 174 165)
4(92 173 174 93)
4(164 165 174 173)
4(85 94 175 166)
4(93 174 175 94)
4(165 166 175 174)
4(86 95 176 167)
4(94 175 176 95)
4(166 167 176 175)
4(87 96 177 168)
4(95 176 177 96)
4(167 168 177 176)
4(88 97 178 169)
4(96 177 178 97)
4(168 169 178 177)
4(97 178 179 98)
4(169 170 179 178)
4(91 100 181 172)
4(99 180 181 100)
4(171 172 181 180)
4(92 101 182 173)
4(100 181 182 101)
4(172 173 182 181)
4(93 102 183 174)
4(101 182 183 102)
4(173 174 183 182)
4(94 103 184 175)
4(102 183 184 103)
4(174 175 184 183)
4(95 104 185 176)
4(103 184 185 104)
4(175 176 185 184)
4(96 105 186 177)
4(104 185 186 105)
4(176 177 186 185)
4(97 106 187 178)
4(105 186 187 106)
4(177 178 187 186)
4(106 187 188 107)
4(178 179 188 187)
4(100 109 190 181)
4(108 189 190 109)
4(180 181 190 189)
4(101 110 191 182)
4(109 190 191 110)
4(181 182 191 190)
4(102 111 192 183)
4(110 191 192 111)
4(182 183 192 191)
4(103 112 193 184)
4(111 192 193 112)
4(183 184 193 192)
4(104 113 194 185)
4(112 193 194 113)
4(184 185 194 193)
4(105 114 195 186)
4(113 194 195 114)
4(185 186 195 194)
4(106 115 196 187)
4(114 195 196 115)
4(186 187 196 195)
4(115 196 197 116)
4(187 188 197 196)
4(109 118 199 190)
4(117 198 199 118)
4(189 190 199 198)
4(110 119 200 191)
4(118 199 200 119)
4(190 191 200 199)
4(111 120 201 192)
4(119 200 201 120)
4(191 192 201 200)
4(112 121 202 193)
4(120 201 202 121)
4(192 193 202 201)
4(113 122 203 194)
4(121 202 203 122)
4(193 194 203 202)
4(114 123 204 195)
4(122 203 204 123)
4(194 195 204 203)
4(115 124 205 196)
4(123 204 205 124)
4(195 196 205 204)
4(124 205 206 125)
4(196 197 206 205)
4(118 127 208 199)
4(126 207 208 127)
4(198 199 208 207)
4(119 128 209 200)
4(127 208 209 128)
4(199 200 209 208)
4(120 129 210 201)
4(128 209 210 129)
4(200 201 210 209)
4(121 130 211 202)
4(129 210 211 130)
4(201 202 211 210)
4(122 131 212 203)
4(130 211 212 131)
4(202 203 212 211)
4(123 132 213 204)
4(131 212 213 132)
4(203 204 213 212)
4(124 133 214 205)
4(132 213 214 133)
4(204 205 214 213)
4(133 214 215 134)
4(205 206 215 214)
4(127 136 217 208)
4(135 216 217 136)
4(207 208 217 216)
4(128 137 218 209)
4(136 217 218 137)
4(208 209 218 217)
4(129 138 219 210)
4(137 218 219 138)
4(209 210 219 218)
4(130 139 220 211)
4(138 219 220 139)
4(210 211 220 219)
4(131 140 221 212)
4(139 220 221 140)
4(211 212 221 220)
4(132 141 222 213)
4(140 221 222 141)
4(212 213 222 221)
4(133 142 223 214)
4(141 222 223 142)
4(213 214 223 222)
4(142 223 224 143)
4(214 215 224 223)
4(136 145 226 217)
4(144 225 226 145)
4(216 217 226 225)
4(137 146 227 218)
4(145 226 227 146)
4(217 218 227 226)
4(138 147 228 219)
4(146 227 228 147)
4(218 219 228 227)
4(139 148 229 220)
4(147 228 229 148)
4(219 220 229 228)
4(140 149 230 221)
4(148 229 230 149)
4(220 221 230 229)
4(141 150 231 222)
4(149 230 231 150)
4(221 222 231 230)
4(142 151 232 223)
4(150 231 232 151)
4(222 223 232 231)
4(151 232 233 152)
4(223 224 233 232)
4(145 154 235 226)
4(225 226 235 234)
4(146 155 236 227)
4(226 227 236 235)
4(147 156 237 228)
4(227 228 237 236)
4(148 157 238 229)
4(228 229 238 237)
4(149 158 239 230)
4(229 230 239 238)
4(150 159 240 231)
4(230 231 240 239)
4(151 160 241 232)
4(231 232 241 240)
4(232 233 242 241)
4(163 172 253 244)
4(171 252 253 172)
4(243 244 253 252)
4(164 173 254 245)
4(172 253 254 173)
4(244 245 254 253)
4(165 174 255 246)
4(173 254 255 174)
4(245 246 255 254)
4(166 175 256 247)
4(174 255 256 175)
4(246 247 256 255)
4(167 176 257 248)
4(175 256 257 176)
4(247 248 257 256)
4(168 177 258 249)
4(176 257 258 177)
4(248 249 258 257)
4(169 178 259 250)
4(177 258 259 178)
4(249 250 259 258)
4(178 259 260 179)
4(250 251 260 259)
4(172 181 262 253)
4(180 261 262 181)
4(252 253 262 261)
4(173 182 263 254)
4(181 262 263 182)
4(253 254 263 262)
4(174 183 264 255)
4(182 263 264 183)
4(254 255 264 263)
4(175 184 265 256)
4(183 264 265 184)
4(255 256 265 264)
4(176 185 266 257)
4(184 265 266 185)
4(256 257 266 265)
4(177 186 267 258)
4(185 266 267 186)
4(257 258 267 266)
4(178 187 268 259)
4(186 267 268 187)
4(258 259 268 267)
4(187 268 269 188)
4(259 260 269 268)
4(181 190 271 262)
4(189 270 271 190)
4(261 262 271 270)
4(182 191 272 263)
4(190 271 272 191)
4(262 263 272 271)
4(183 192 273 264)
4(191 272 273 192)
4(263 264 273 272)
4(184 193 274 265)
4(192 273 274 193)
4(264 265 274 273)
4(185 194 275 266)
4(193 274 275 194)
4(265 266 275 274)
4(186 195 276 267)
4(194 275 276 195)
4(266 267 276 275)
4(187 196 277 268)
4(195 276 277 196)
4(267 268 277 276)
4(196 277 278 197)
4(268 269 278 277)
4(190 199 280 271)
4(198 279 280 199)
4(270 271 280 279)
4(191 200 281 272)
4(199 280 281 200)
4(271 272 281 280)
4(192 201 282 273)
4(200 281 282 201)
4(272 273 282 281)
4(193 202 283 274)
4(201 282 283 202)
4(273 274 283 282)
4(194 203 284 275)
4(202 283 284 203)
4(274 275 284 283)
4(195 204 285 276)
4(203 284 285 204)
4(275 276 285 284)
4(196 205 286 277)
4(204 285 286 205)
4(276 277 286 285)
4(205 286 287 206)
4(277 278 287 286)
4(199 208 289 280)
4(207 288 289 208)
4(279 280 289 288)
4(200 209 290 281)
4(208 289 290 209)
4(280 281 290 289)
4(201 210 291 282)
4(209 290 291 210)
4(281 282 291 290)
4(202 211 292 283)
4(210 291 292 211)
4(282 283 292 291)
4(203 212 293 284)
4(211 292 293 212)
4(283 284 293 292)
4(204 213 294 285)
4(212 293 294 213)
4(284 285 294 293)
4(205 214 295 286)
4(213 294 295 214)
4(285 286 295 294)
4(214 295 296 215)
4(286 287 296 295)
4(208 217 298 289)
4(216 297 298 217)
4(288 289 298 297)
4(209 218 299 290)
4(217 298 299 218)
4(289 290 299 298)
4(210 219 300 291)
4(218 299 300 219)
4(290 291 300 299)
4(211 220 301 292)
4(219 300 301 220)
4(291 292 301 300)
4(212 221 302 293)
4(220 301 302 221)
4(292 293 302 301)
4(213 222 303 294)
4(221 302 303 222)
4(293 294 303 302)
4(214 223 304 295)
4(222 303 304 223)
4(294 295 304 303)
4(223 304 305 224)
4(295 296 305 304)
4(217 226 307 298)
4(225 306 307 226)
4(297 298 307 306)
4(218 227 308 299)
4(226 307 308 227)
4(298 299 308 307)
4(219 228 309 300)
4(227 308 309 228)
4(299 300 309 308)
4(220 229 310 301)
4(228 309 310 229)
4(300 301 310 309)
4(221 230 311 302)
4(229 310 311 230)
4(301 302 311 310)
4(222 231 312 303)
4(230 311 312 231)
4(302 303 312 311)
4(223 232 313 304)
4(231 312 313 232)
4(303 304 313 312)
4(232 313 314 233)
4(304 305 314 313)
4(226 235 316 307)
4(306 307 316 315)
4(227 236 317 308)
4(307 308 317 316)
4(228 237 318 309)
4(308 309 318 317)
4(229 238 319 310)
4(309 310 319 318)
4(230 239 320 311)
4(310 311 320 319)
4(231 240 321 312)
4(311 312 321 320)
4(232 241 322 313)
4(312 313 322 321)
4(313 314 323 322)
4(244 253 334 325)
4(252 333 334 253)
4(245 254 335 326)
4(253 334 335 254)
4(246 255 336 327)
4(254 335 336 255)
4(247 256 337 328)
4(255 336 337 256)
4(248 257 338 329)
4(256 337 338 257)
4(249 258 339 330)
4(257 338 339 258)
4(250 259 340 331)
4(258 339 340 259)
4(259 340 341 260)
4(253 262 343 334)
4(261 342 343 262)
4(254 263 344 335)
4(262 343 344 263)
4(255 264 345 336)
4(263 344 345 264)
4(256 265 346 337)
4(264 345 346 265)
4(257 266 347 338)
4(265 346 347 266)
4(258 267 348 339)
4(266 347 348 267)
4(259 268 349 340)
4(267 348 349 268)
4(268 349 350 269)
4(262 271 352 343)
4(270 351 352 271)
4(263 272 353 344)
4(271 352 353 272)
4(264 273 354 345)
4(272 353 354 273)
4(265 274 355 346)
4(273 354 355 274)
4(266 275 356 347)
4(274 355 356 275)
4(267 276 357 348)
4(275 356 357 276)
4(268 277 358 349)
4(276 357 358 277)
4(277 358 359 278)
4(271 280 361 352)
4(279 360 361 280)
4(272 281 362 353)
4(280 361 362 281)
4(273 282 363 354)
4(281 362 363 282)
4(274 283 364 355)
4(282 363 364 283)
4(275 284 365 356)
4(283 364 365 284)
4(276 285 366 357)
4(284 365 366 285)
4(277 286 367 358)
4(285 366 367 286)
4(286 367 368 287)
4(280 289 370 361)
4(288 369 370 289)
4(281 290 371 362)
4(289 370 371 290)
4(282 291 372 363)
4(290 371 372 291)
4(283 292 373 364)
4(291 372 373 292)
4(284 293 374 365)
4(292 373 374 293)
4(285 294 375 366)
4(293 374 375 294)
4(286 295 376 367)
4(294 375 376 295)
4(295 376 377 296)
4(289 298 379 370)
4(297 378 379 298)
4(290 299 380 371)
4(298 379 380 299)
4(291 300 381 372)
4(299 380 381 300)
4(292 301 382 373)
4(300 381 382 301)
4(293 302 383 374)
4(301 382 383 302)
4(294 303 384 375)
4(302 383 384 303)
4(295 304 385 376)
4(303 384 385 304)
4(304 385 386 305)
4(298 307 388 379)
4(306 387 388 307)
4(299 308 389 380)
4(307 388 389 308)
4(300 309 390 381)
4(308 389 390 309)
4(301 310 391 382)
4(309 390 391 310)
4(302 311 392 383)
4(310 391 392 311)
4(303 312 393 384)
4(311 392 393 312)
4(304 313 394 385)
4(312 393 394 313)
4(313 394 395 314)
4(307 316 397 388)
4(308 317 398 389)
4(309 318 399 390)
4(310 319 400 391)
4(311 320 401 392)
4(312 321 402 393)
4(313 322 403 394)
4(72 153 154 73)
4(153 234 235 154)
4(234 315 316 235)
4(315 396 397 316)
4(73 154 155 74)
4(154 235 236 155)
4(235 316 317 236)
4(316 397 398 317)
4(74 155 156 75)
4(155 236 237 156)
4(236 317 318 237)
4(317 398 399 318)
4(75 156 157 76)
4(156 237 238 157)
4(237 318 319 238)
4(318 399 400 319)
4(76 157 158 77)
4(157 238 239 158)
4(238 319 320 239)
4(319 400 401 320)
4(77 158 159 78)
4(158 239 240 159)
4(239 320 321 240)
4(320 401 402 321)
4(78 159 160 79)
4(159 240 241 160)
4(240 321 322 241)
4(321 402 403 322)
4(79 160 161 80)
4(160 241 242 161)
4(241 322 323 242)
4(322 403 404 323)
4(0 1 82 81)
4(81 82 163 162)
4(162 163 244 243)
4(243 244 325 324)
4(1 2 83 82)
4(82 83 164 163)
4(163 164 245 244)
4(244 245 326 325)
4(2 3 84 83)
4(83 84 165 164)
4(164 165 246 245)
4(245 246 327 326)
4(3 4 85 84)
4(84 85 166 165)
4(165 166 247 246)
4(246 247 328 327)
4(4 5 86 85)
4(85 86 167 166)
4(166 167 248 247)
4(247 248 329 328)
4(5 6 87 86)
4(86 87 168 167)
4(167 168 249 248)
4(248 249 330 329)
4(6 7 88 87)
4(87 88 169 168)
4(168 169 250 249)
4(249 250 331 330)
4(7 8 89 88)
4(88 89 170 169)
4(169 170 251 250)
4(250 251 332 331)
4(0 9 10 1)
4(9 18 19 10)
4(18 27 28 19)
4(27 36 37 28)
4(36 45 46 37)
4(45 54 55 46)
4(54 63 64 55)
4(63 72 73 64)
4(1 10 11 2)
4(10 19 20 11)
4(19 28 29 20)
4(28 37 38 29)
4(37 46 47 38)
4(46 55 56 47)
4(55 64 65 56)
4(64 73 74 65)
4(2 11 12 3)
4(11 20 21 12)
4(20 29 30 21)
4(29 38 39 30)
4(38 47 48 39)
4(47 56 57 48)
4(56 65 66 57)
4(65 74 75 66)
4(3 12 13 4)
4(12 21 22 13)
4(21 30 31 22)
4(30 39 40 31)
4(39 48 49 40)
4(48 57 58 49)
4(57 66 67 58)
4(66 75 76 67)
4(4 13 14 5)
4(13 22 23 14)
4(22 31 32 23)
4(31 40 41 32)
4(40 49 50 41)
4(49 58 59 50)
4(58 67 68 59)
4(67 76 77 68)
4(5 14 15 6)
4(14 23 24 15)
4(23 32 33 24)
4(32 41 42 33)
4(41 50 51 42)
4(50 59 60 51)
4(59 68 69 60)
4(68 77 78 69)
4(6 15 16 7)
4(15 24 25 16)
4(24 33 34 25)
4(33 42 43 34)
4(42 51 52 43)
4(51 60 61 52)
4(60 69 70 61)
4(69 78 79 70)
4(7 16 17 8)
4(16 25 26 17)
4(25 34 35 26)
4(34 43 44 35)
4(43 52 53 44)
4(52 61 62 53)
4(61 70 71 62)
4(70 79 80 71)
4(324 325 334 333)
4(333 334 343 342)
4(342 343 352 351)
4(351 352 361 360)
4(360 361 370 369)
4(369 370 379 378)
4(378 379 388 387)
4(387 388 397 396)
4(325 326 335 334)
4(334 335 344 343)
4(343 344 353 352)
4(352 353 362 361)
4(361 362 371 370)
4(370 371 380 379)
4(379 380 389 388)
4(388 389 398 397)
4(326 327 336 335)
4(335 336 345 344)
4(344 345 354 353)
4(353 354 363 362)
4(362 363 372 371)
4(371 372 381 380)
4(380 381 390 389)
4(389 390 399 398)
4(327 328 337 336)
4(336 337 346 345)
4(345 346 355 354)
4(354 355 364 363)
4(363 364 373 372)
4(372 373 382 381)
4(381 382 391 390)
4(390 391 400 399)
4(328 329 338 337)
4(337 338 347 346)
4(346 347 356 355)
4(355 356 365 364)
4(364 365 374 373)
4(373 374 383 382)
4(382 383 392 391)
4(391 392 401 400)
4(329 330 339 338)
4(338 339 348 347)
4(347 348 357 356)
4(356 357 366 365)
4(365 366 375 374)
4(374 375 384 383)
4(383 384 393 392)
4(392 393 402 401)
4(330 331 340 339)
4(339 340 349 348)
4(348 349 358 357)
4(357 358 367 366)
4(366 367 376 375)
4(375 376 385 384)
4(384 385 394 393)
4(393 394 403 402)
4(331 332 341 340)
4(340 341 350 349)
4(349 350 359 358)
4(358 359 368 367)
4(367 368 377 376)
4(376 377 386 385)
4(385 386 395 394)
4(394 395 404 403)
4(8 17 98 89)
4(17 26 107 98)
4(26 35 116 107)
4(35 44 125 116)
4(44 53 134 125)
4(53 62 143 134)
4(62 71 152 143)
4(71 80 161 152)
4(89 98 179 170)
4(98 107 188 179)
4(107 116 197 188)
4(116 125 206 197)
4(125 134 215 206)
4(134 143 224 215)
4(143 152 233 224)
4(152 161 242 233)
4(170 179 260 251)
4(179 188 269 260)
4(188 197 278 269)
4(197 206 287 278)
4(206 215 296 287)
4(215 224 305 296)
4(224 233 314 305)
4(233 242 323 314)
4(251 260 341 332)
4(260 269 350 341)
4(269 278 359 350)
4(278 287 368 359)
4(287 296 377 368)
4(296 305 386 377)
4(305 314 395 386)
4(314 323 404 395)
4(0 81 90 9)
4(9 90 99 18)
4(18 99 108 27)
4(27 108 117 36)
4(36 117 126 45)
4(45 126 135 54)
4(54 135 144 63)
4(63 144 153 72)
4(81 162 171 90)
4(90 171 180 99)
4(99 180 189 108)
4(108 189 198 117)
4(117 198 207 126)
4(126 207 216 135)
4(135 216 225 144)
4(144 225 234 153)
4(162 243 252 171)
4(171 252 261 180)
4(180 261 270 189)
4(189 270 279 198)
4(198 279 288 207)
4(207 288 297 216)
4(216 297 306 225)
4(225 306 315 234)
4(243 324 333 252)
4(252 333 342 261)
4(261 342 351 270)
4(270 351 360 279)
4(279 360 369 288)
4(288 369 378 297)
4(297 378 387 306)
4(306 387 396 315)
)


// ************************************************************************* //
