/*--------------------------------*- C++ -*----------------------------------*\
| =========                 |                                                 |
| \\      /  F ield         | OpenFOAM: The Open Source CFD Toolbox           |
|  \\    /   O peration     | Version:  2306                                  |
|   \\  /    A nd           | Website:  www.openfoam.com                      |
|    \\/     M anipulation  |                                                 |
\*---------------------------------------------------------------------------*/
FoamFile
{
    version     2.0;
    format      ascii;
    arch        "LSB;label=32;scalar=64";
    class       labelList;
    location    "constant/polyMesh";
    object      faceProcAddressing;
}
// * * * * * * * * * * * * * * * * * * * * * * * * * * * * * * * * * * * * * //


896
(
1
2
3
4
5
6
7
8
9
10
11
12
13
14
15
16
17
18
19
20
21
23
24
48
49
50
51
52
53
54
55
56
57
58
59
60
61
62
63
64
65
66
67
68
70
71
95
96
97
98
99
100
101
102
103
104
105
106
107
108
109
110
111
112
113
114
115
117
118
142
143
144
145
146
147
148
149
150
151
152
153
154
155
156
157
158
159
160
161
162
164
165
189
190
191
192
193
194
195
196
197
198
199
200
201
202
203
204
205
206
207
208
209
211
212
236
237
238
239
240
241
242
243
244
245
246
247
248
249
250
251
252
253
254
255
256
258
259
283
284
285
286
287
288
289
290
291
292
293
294
295
296
297
298
299
300
301
302
303
305
306
330
331
332
333
334
335
336
337
338
339
340
341
342
343
345
361
362
363
364
365
366
367
368
369
370
371
372
373
374
375
376
377
378
379
380
381
383
384
408
409
410
411
412
413
414
415
416
417
418
419
420
421
422
423
424
425
426
427
428
430
431
455
456
457
458
459
460
461
462
463
464
465
466
467
468
469
470
471
472
473
474
475
477
478
502
503
504
505
506
507
508
509
510
511
512
513
514
515
516
517
518
519
520
521
522
524
525
549
550
551
552
553
554
555
556
557
558
559
560
561
562
563
564
565
566
567
568
569
571
572
596
597
598
599
600
601
602
603
604
605
606
607
608
609
610
611
612
613
614
615
616
618
619
643
644
645
646
647
648
649
650
651
652
653
654
655
656
657
658
659
660
661
662
663
665
666
690
691
692
693
694
695
696
697
698
699
700
701
702
703
705
721
722
723
724
725
726
727
728
729
730
731
732
733
734
735
736
737
738
739
740
741
743
744
768
769
770
771
772
773
774
775
776
777
778
779
780
781
782
783
784
785
786
787
788
790
791
815
816
817
818
819
820
821
822
823
824
825
826
827
828
829
830
831
832
833
834
835
837
838
862
863
864
865
866
867
868
869
870
871
872
873
874
875
876
877
878
879
880
881
882
884
885
909
910
911
912
913
914
915
916
917
918
919
920
921
922
923
924
925
926
927
928
929
931
932
956
957
958
959
960
961
962
963
964
965
966
967
968
969
970
971
972
973
974
975
976
978
979
1003
1004
1005
1006
1007
1008
1009
1010
1011
1012
1013
1014
1015
1016
1017
1018
1019
1020
1021
1022
1023
1025
1026
1050
1051
1052
1053
1054
1055
1056
1057
1058
1059
1060
1061
1062
1063
1065
1081
1082
1083
1084
1085
1086
1087
1088
1089
1090
1091
1092
1093
1094
1096
1112
1113
1114
1115
1116
1117
1118
1119
1120
1121
1122
1123
1124
1125
1127
1143
1144
1145
1146
1147
1148
1149
1150
1151
1152
1153
1154
1155
1156
1158
1174
1175
1176
1177
1178
1179
1180
1181
1182
1183
1184
1185
1186
1187
1189
1205
1206
1207
1208
1209
1210
1211
1212
1213
1214
1215
1216
1217
1218
1220
1236
1237
1238
1239
1240
1241
1242
1243
1244
1245
1246
1247
1248
1249
1251
1267
1268
1269
1270
1271
1272
1273
1274
1275
1276
1277
1278
1279
1280
1282
1298
1299
1300
1301
1302
1303
1304
1313
1314
1315
1316
1317
1318
1319
1320
1321
1322
1323
1324
1325
1326
1327
1328
1329
1330
1331
1332
1333
1334
1335
1336
1337
1338
1339
1340
1341
1342
1343
1344
1377
1378
1379
1380
1381
1382
1383
1384
1385
1386
1387
1388
1389
1390
1391
1392
1393
1394
1395
1396
1397
1398
1399
1400
1401
1402
1403
1404
1405
1406
1407
1408
1505
1506
1507
1508
1509
1510
1511
1512
1513
1514
1515
1516
1517
1518
1519
1520
1521
1522
1523
1524
1525
1526
1527
1528
1529
1530
1531
1532
1533
1534
1535
1536
1537
1538
1539
1540
1541
1542
1543
1544
1545
1546
1547
1548
1549
1550
1551
1552
1553
1554
1555
1556
1557
1558
1559
1560
1561
1562
1563
1564
1565
1566
1567
1568
1633
1634
1635
1636
1637
1638
1639
1640
1641
1642
1643
1644
1645
1646
1647
1648
1649
1650
1651
1652
1653
1654
1655
1656
1657
1658
1659
1660
1661
1662
1663
1664
1665
1666
1667
1668
1669
1670
1671
1672
1673
1674
1675
1676
1677
1678
1679
1680
1681
1682
1683
1684
1685
1686
1687
1688
1689
1690
1691
1692
1693
1694
1695
1696
22
69
116
163
210
257
304
344
382
429
476
523
570
617
664
704
742
789
836
883
930
977
1024
1064
1095
1126
1157
1188
1219
1250
1281
1305
1441
1442
1443
1444
1445
1446
1447
1448
1449
1450
1451
1452
1453
1454
1455
1456
1457
1458
1459
1460
1461
1462
1463
1464
1465
1466
1467
1468
1469
1470
1471
1472
)


// ************************************************************************* //
