/*--------------------------------*- C++ -*----------------------------------*\
| =========                 |                                                 |
| \\      /  F ield         | OpenFOAM: The Open Source CFD Toolbox           |
|  \\    /   O peration     | Version:  2306                                  |
|   \\  /    A nd           | Website:  www.openfoam.com                      |
|    \\/     M anipulation  |                                                 |
\*---------------------------------------------------------------------------*/
FoamFile
{
    version     2.0;
    format      ascii;
    arch        "LSB;label=32;scalar=64";
    note        "nPoints:405  nCells:256  nFaces:896  nInternalFaces:640";
    class       labelList;
    location    "constant/polyMesh";
    object      neighbour;
}
// * * * * * * * * * * * * * * * * * * * * * * * * * * * * * * * * * * * * * //


640
(
1
8
64
2
9
65
3
10
66
4
11
67
5
12
68
6
13
69
7
14
70
15
71
9
16
72
10
17
73
11
18
74
12
19
75
13
20
76
14
21
77
15
22
78
23
79
17
24
80
18
25
81
19
26
82
20
27
83
21
28
84
22
29
85
23
30
86
31
87
25
32
88
26
33
89
27
34
90
28
35
91
29
36
92
30
37
93
31
38
94
39
95
33
40
96
34
41
97
35
42
98
36
43
99
37
44
100
38
45
101
39
46
102
47
103
41
48
104
42
49
105
43
50
106
44
51
107
45
52
108
46
53
109
47
54
110
55
111
49
56
112
50
57
113
51
58
114
52
59
115
53
60
116
54
61
117
55
62
118
63
119
57
120
58
121
59
122
60
123
61
124
62
125
63
126
127
65
72
128
66
73
129
67
74
130
68
75
131
69
76
132
70
77
133
71
78
134
79
135
73
80
136
74
81
137
75
82
138
76
83
139
77
84
140
78
85
141
79
86
142
87
143
81
88
144
82
89
145
83
90
146
84
91
147
85
92
148
86
93
149
87
94
150
95
151
89
96
152
90
97
153
91
98
154
92
99
155
93
100
156
94
101
157
95
102
158
103
159
97
104
160
98
105
161
99
106
162
100
107
163
101
108
164
102
109
165
103
110
166
111
167
105
112
168
106
113
169
107
114
170
108
115
171
109
116
172
110
117
173
111
118
174
119
175
113
120
176
114
121
177
115
122
178
116
123
179
117
124
180
118
125
181
119
126
182
127
183
121
184
122
185
123
186
124
187
125
188
126
189
127
190
191
129
136
192
130
137
193
131
138
194
132
139
195
133
140
196
134
141
197
135
142
198
143
199
137
144
200
138
145
201
139
146
202
140
147
203
141
148
204
142
149
205
143
150
206
151
207
145
152
208
146
153
209
147
154
210
148
155
211
149
156
212
150
157
213
151
158
214
159
215
153
160
216
154
161
217
155
162
218
156
163
219
157
164
220
158
165
221
159
166
222
167
223
161
168
224
162
169
225
163
170
226
164
171
227
165
172
228
166
173
229
167
174
230
175
231
169
176
232
170
177
233
171
178
234
172
179
235
173
180
236
174
181
237
175
182
238
183
239
177
184
240
178
185
241
179
186
242
180
187
243
181
188
244
182
189
245
183
190
246
191
247
185
248
186
249
187
250
188
251
189
252
190
253
191
254
255
193
200
194
201
195
202
196
203
197
204
198
205
199
206
207
201
208
202
209
203
210
204
211
205
212
206
213
207
214
215
209
216
210
217
211
218
212
219
213
220
214
221
215
222
223
217
224
218
225
219
226
220
227
221
228
222
229
223
230
231
225
232
226
233
227
234
228
235
229
236
230
237
231
238
239
233
240
234
241
235
242
236
243
237
244
238
245
239
246
247
241
248
242
249
243
250
244
251
245
252
246
253
247
254
255
249
250
251
252
253
254
255
)


// ************************************************************************* //
