/*--------------------------------*- C++ -*----------------------------------*\
| =========                 |                                                 |
| \\      /  F ield         | OpenFOAM: The Open Source CFD Toolbox           |
|  \\    /   O peration     | Version:  2306                                  |
|   \\  /    A nd           | Website:  www.openfoam.com                      |
|    \\/     M anipulation  |                                                 |
\*---------------------------------------------------------------------------*/
FoamFile
{
    version     2.0;
    format      ascii;
    arch        "LSB;label=32;scalar=64";
    class       labelList;
    location    "constant/polyMesh";
    object      pointProcAddressing;
}
// * * * * * * * * * * * * * * * * * * * * * * * * * * * * * * * * * * * * * //


405
(
0
1
2
3
4
5
6
7
8
17
18
19
20
21
22
23
24
25
34
35
36
37
38
39
40
41
42
51
52
53
54
55
56
57
58
59
68
69
70
71
72
73
74
75
76
85
86
87
88
89
90
91
92
93
102
103
104
105
106
107
108
109
110
119
120
121
122
123
124
125
126
127
136
137
138
139
140
141
142
143
144
153
154
155
156
157
158
159
160
161
170
171
172
173
174
175
176
177
178
187
188
189
190
191
192
193
194
195
204
205
206
207
208
209
210
211
212
221
222
223
224
225
226
227
228
229
238
239
240
241
242
243
244
245
246
255
256
257
258
259
260
261
262
263
272
273
274
275
276
277
278
279
280
289
290
291
292
293
294
295
296
297
306
307
308
309
310
311
312
313
314
323
324
325
326
327
328
329
330
331
340
341
342
343
344
345
346
347
348
357
358
359
360
361
362
363
364
365
374
375
376
377
378
379
380
381
382
391
392
393
394
395
396
397
398
399
408
409
410
411
412
413
414
415
416
425
426
427
428
429
430
431
432
433
442
443
444
445
446
447
448
449
450
459
460
461
462
463
464
465
466
467
476
477
478
479
480
481
482
483
484
493
494
495
496
497
498
499
500
501
510
511
512
513
514
515
516
517
518
527
528
529
530
531
532
533
534
535
544
545
546
547
548
549
550
551
552
561
562
563
564
565
566
567
568
569
578
579
580
581
582
583
584
585
586
595
596
597
598
599
600
601
602
603
612
613
614
615
616
617
618
619
620
629
630
631
632
633
634
635
636
637
646
647
648
649
650
651
652
653
654
663
664
665
666
667
668
669
670
671
680
681
682
683
684
685
686
687
688
697
698
699
700
701
702
703
704
705
714
715
716
717
718
719
720
721
722
731
732
733
734
735
736
737
738
739
748
749
750
751
752
753
754
755
756
)


// ************************************************************************* //
