/*--------------------------------*- C++ -*----------------------------------*\
| =========                 |                                                 |
| \\      /  F ield         | OpenFOAM: The Open Source CFD Toolbox           |
|  \\    /   O peration     | Version:  2306                                  |
|   \\  /    A nd           | Website:  www.openfoam.com                      |
|    \\/     M anipulation  |                                                 |
\*---------------------------------------------------------------------------*/
FoamFile
{
    version     2.0;
    format      ascii;
    arch        "LSB;label=32;scalar=64";
    class       faceList;
    location    "constant/polyMesh";
    object      faces;
}
// * * * * * * * * * * * * * * * * * * * * * * * * * * * * * * * * * * * * * //


1760
(
4(1 18 171 154)
4(17 170 171 18)
4(153 154 171 170)
4(2 19 172 155)
4(18 171 172 19)
4(154 155 172 171)
4(3 20 173 156)
4(19 172 173 20)
4(155 156 173 172)
4(4 21 174 157)
4(20 173 174 21)
4(156 157 174 173)
4(5 22 175 158)
4(21 174 175 22)
4(157 158 175 174)
4(6 23 176 159)
4(22 175 176 23)
4(158 159 176 175)
4(7 24 177 160)
4(23 176 177 24)
4(159 160 177 176)
4(8 25 178 161)
4(24 177 178 25)
4(160 161 178 177)
4(9 26 179 162)
4(25 178 179 26)
4(161 162 179 178)
4(10 27 180 163)
4(26 179 180 27)
4(162 163 180 179)
4(11 28 181 164)
4(27 180 181 28)
4(163 164 181 180)
4(12 29 182 165)
4(28 181 182 29)
4(164 165 182 181)
4(13 30 183 166)
4(29 182 183 30)
4(165 166 183 182)
4(14 31 184 167)
4(30 183 184 31)
4(166 167 184 183)
4(15 32 185 168)
4(31 184 185 32)
4(167 168 185 184)
4(32 185 186 33)
4(168 169 186 185)
4(18 35 188 171)
4(34 187 188 35)
4(170 171 188 187)
4(19 36 189 172)
4(35 188 189 36)
4(171 172 189 188)
4(20 37 190 173)
4(36 189 190 37)
4(172 173 190 189)
4(21 38 191 174)
4(37 190 191 38)
4(173 174 191 190)
4(22 39 192 175)
4(38 191 192 39)
4(174 175 192 191)
4(23 40 193 176)
4(39 192 193 40)
4(175 176 193 192)
4(24 41 194 177)
4(40 193 194 41)
4(176 177 194 193)
4(25 42 195 178)
4(41 194 195 42)
4(177 178 195 194)
4(26 43 196 179)
4(42 195 196 43)
4(178 179 196 195)
4(27 44 197 180)
4(43 196 197 44)
4(179 180 197 196)
4(28 45 198 181)
4(44 197 198 45)
4(180 181 198 197)
4(29 46 199 182)
4(45 198 199 46)
4(181 182 199 198)
4(30 47 200 183)
4(46 199 200 47)
4(182 183 200 199)
4(31 48 201 184)
4(47 200 201 48)
4(183 184 201 200)
4(32 49 202 185)
4(48 201 202 49)
4(184 185 202 201)
4(49 202 203 50)
4(185 186 203 202)
4(35 52 205 188)
4(51 204 205 52)
4(187 188 205 204)
4(36 53 206 189)
4(52 205 206 53)
4(188 189 206 205)
4(37 54 207 190)
4(53 206 207 54)
4(189 190 207 206)
4(38 55 208 191)
4(54 207 208 55)
4(190 191 208 207)
4(39 56 209 192)
4(55 208 209 56)
4(191 192 209 208)
4(40 57 210 193)
4(56 209 210 57)
4(192 193 210 209)
4(41 58 211 194)
4(57 210 211 58)
4(193 194 211 210)
4(42 59 212 195)
4(58 211 212 59)
4(194 195 212 211)
4(43 60 213 196)
4(59 212 213 60)
4(195 196 213 212)
4(44 61 214 197)
4(60 213 214 61)
4(196 197 214 213)
4(45 62 215 198)
4(61 214 215 62)
4(197 198 215 214)
4(46 63 216 199)
4(62 215 216 63)
4(198 199 216 215)
4(47 64 217 200)
4(63 216 217 64)
4(199 200 217 216)
4(48 65 218 201)
4(64 217 218 65)
4(200 201 218 217)
4(49 66 219 202)
4(65 218 219 66)
4(201 202 219 218)
4(66 219 220 67)
4(202 203 220 219)
4(52 69 222 205)
4(68 221 222 69)
4(204 205 222 221)
4(53 70 223 206)
4(69 222 223 70)
4(205 206 223 222)
4(54 71 224 207)
4(70 223 224 71)
4(206 207 224 223)
4(55 72 225 208)
4(71 224 225 72)
4(207 208 225 224)
4(56 73 226 209)
4(72 225 226 73)
4(208 209 226 225)
4(57 74 227 210)
4(73 226 227 74)
4(209 210 227 226)
4(58 75 228 211)
4(74 227 228 75)
4(210 211 228 227)
4(59 76 229 212)
4(75 228 229 76)
4(211 212 229 228)
4(60 77 230 213)
4(76 229 230 77)
4(212 213 230 229)
4(61 78 231 214)
4(77 230 231 78)
4(213 214 231 230)
4(62 79 232 215)
4(78 231 232 79)
4(214 215 232 231)
4(63 80 233 216)
4(79 232 233 80)
4(215 216 233 232)
4(64 81 234 217)
4(80 233 234 81)
4(216 217 234 233)
4(65 82 235 218)
4(81 234 235 82)
4(217 218 235 234)
4(66 83 236 219)
4(82 235 236 83)
4(218 219 236 235)
4(83 236 237 84)
4(219 220 237 236)
4(69 86 239 222)
4(85 238 239 86)
4(221 222 239 238)
4(70 87 240 223)
4(86 239 240 87)
4(222 223 240 239)
4(71 88 241 224)
4(87 240 241 88)
4(223 224 241 240)
4(72 89 242 225)
4(88 241 242 89)
4(224 225 242 241)
4(73 90 243 226)
4(89 242 243 90)
4(225 226 243 242)
4(74 91 244 227)
4(90 243 244 91)
4(226 227 244 243)
4(75 92 245 228)
4(91 244 245 92)
4(227 228 245 244)
4(76 93 246 229)
4(92 245 246 93)
4(228 229 246 245)
4(77 94 247 230)
4(93 246 247 94)
4(229 230 247 246)
4(78 95 248 231)
4(94 247 248 95)
4(230 231 248 247)
4(79 96 249 232)
4(95 248 249 96)
4(231 232 249 248)
4(80 97 250 233)
4(96 249 250 97)
4(232 233 250 249)
4(81 98 251 234)
4(97 250 251 98)
4(233 234 251 250)
4(82 99 252 235)
4(98 251 252 99)
4(234 235 252 251)
4(83 100 253 236)
4(99 252 253 100)
4(235 236 253 252)
4(100 253 254 101)
4(236 237 254 253)
4(86 103 256 239)
4(102 255 256 103)
4(238 239 256 255)
4(87 104 257 240)
4(103 256 257 104)
4(239 240 257 256)
4(88 105 258 241)
4(104 257 258 105)
4(240 241 258 257)
4(89 106 259 242)
4(105 258 259 106)
4(241 242 259 258)
4(90 107 260 243)
4(106 259 260 107)
4(242 243 260 259)
4(91 108 261 244)
4(107 260 261 108)
4(243 244 261 260)
4(92 109 262 245)
4(108 261 262 109)
4(244 245 262 261)
4(93 110 263 246)
4(109 262 263 110)
4(245 246 263 262)
4(94 111 264 247)
4(110 263 264 111)
4(246 247 264 263)
4(95 112 265 248)
4(111 264 265 112)
4(247 248 265 264)
4(96 113 266 249)
4(112 265 266 113)
4(248 249 266 265)
4(97 114 267 250)
4(113 266 267 114)
4(249 250 267 266)
4(98 115 268 251)
4(114 267 268 115)
4(250 251 268 267)
4(99 116 269 252)
4(115 268 269 116)
4(251 252 269 268)
4(100 117 270 253)
4(116 269 270 117)
4(252 253 270 269)
4(117 270 271 118)
4(253 254 271 270)
4(103 120 273 256)
4(119 272 273 120)
4(255 256 273 272)
4(104 121 274 257)
4(120 273 274 121)
4(256 257 274 273)
4(105 122 275 258)
4(121 274 275 122)
4(257 258 275 274)
4(106 123 276 259)
4(122 275 276 123)
4(258 259 276 275)
4(107 124 277 260)
4(123 276 277 124)
4(259 260 277 276)
4(108 125 278 261)
4(124 277 278 125)
4(260 261 278 277)
4(109 126 279 262)
4(125 278 279 126)
4(261 262 279 278)
4(110 127 280 263)
4(126 279 280 127)
4(262 263 280 279)
4(111 128 281 264)
4(127 280 281 128)
4(263 264 281 280)
4(112 129 282 265)
4(128 281 282 129)
4(264 265 282 281)
4(113 130 283 266)
4(129 282 283 130)
4(265 266 283 282)
4(114 131 284 267)
4(130 283 284 131)
4(266 267 284 283)
4(115 132 285 268)
4(131 284 285 132)
4(267 268 285 284)
4(116 133 286 269)
4(132 285 286 133)
4(268 269 286 285)
4(117 134 287 270)
4(133 286 287 134)
4(269 270 287 286)
4(134 287 288 135)
4(270 271 288 287)
4(120 137 290 273)
4(272 273 290 289)
4(121 138 291 274)
4(273 274 291 290)
4(122 139 292 275)
4(274 275 292 291)
4(123 140 293 276)
4(275 276 293 292)
4(124 141 294 277)
4(276 277 294 293)
4(125 142 295 278)
4(277 278 295 294)
4(126 143 296 279)
4(278 279 296 295)
4(127 144 297 280)
4(279 280 297 296)
4(128 145 298 281)
4(280 281 298 297)
4(129 146 299 282)
4(281 282 299 298)
4(130 147 300 283)
4(282 283 300 299)
4(131 148 301 284)
4(283 284 301 300)
4(132 149 302 285)
4(284 285 302 301)
4(133 150 303 286)
4(285 286 303 302)
4(134 151 304 287)
4(286 287 304 303)
4(287 288 305 304)
4(154 171 324 307)
4(170 323 324 171)
4(306 307 324 323)
4(155 172 325 308)
4(171 324 325 172)
4(307 308 325 324)
4(156 173 326 309)
4(172 325 326 173)
4(308 309 326 325)
4(157 174 327 310)
4(173 326 327 174)
4(309 310 327 326)
4(158 175 328 311)
4(174 327 328 175)
4(310 311 328 327)
4(159 176 329 312)
4(175 328 329 176)
4(311 312 329 328)
4(160 177 330 313)
4(176 329 330 177)
4(312 313 330 329)
4(161 178 331 314)
4(177 330 331 178)
4(313 314 331 330)
4(162 179 332 315)
4(178 331 332 179)
4(314 315 332 331)
4(163 180 333 316)
4(179 332 333 180)
4(315 316 333 332)
4(164 181 334 317)
4(180 333 334 181)
4(316 317 334 333)
4(165 182 335 318)
4(181 334 335 182)
4(317 318 335 334)
4(166 183 336 319)
4(182 335 336 183)
4(318 319 336 335)
4(167 184 337 320)
4(183 336 337 184)
4(319 320 337 336)
4(168 185 338 321)
4(184 337 338 185)
4(320 321 338 337)
4(185 338 339 186)
4(321 322 339 338)
4(171 188 341 324)
4(187 340 341 188)
4(323 324 341 340)
4(172 189 342 325)
4(188 341 342 189)
4(324 325 342 341)
4(173 190 343 326)
4(189 342 343 190)
4(325 326 343 342)
4(174 191 344 327)
4(190 343 344 191)
4(326 327 344 343)
4(175 192 345 328)
4(191 344 345 192)
4(327 328 345 344)
4(176 193 346 329)
4(192 345 346 193)
4(328 329 346 345)
4(177 194 347 330)
4(193 346 347 194)
4(329 330 347 346)
4(178 195 348 331)
4(194 347 348 195)
4(330 331 348 347)
4(179 196 349 332)
4(195 348 349 196)
4(331 332 349 348)
4(180 197 350 333)
4(196 349 350 197)
4(332 333 350 349)
4(181 198 351 334)
4(197 350 351 198)
4(333 334 351 350)
4(182 199 352 335)
4(198 351 352 199)
4(334 335 352 351)
4(183 200 353 336)
4(199 352 353 200)
4(335 336 353 352)
4(184 201 354 337)
4(200 353 354 201)
4(336 337 354 353)
4(185 202 355 338)
4(201 354 355 202)
4(337 338 355 354)
4(202 355 356 203)
4(338 339 356 355)
4(188 205 358 341)
4(204 357 358 205)
4(340 341 358 357)
4(189 206 359 342)
4(205 358 359 206)
4(341 342 359 358)
4(190 207 360 343)
4(206 359 360 207)
4(342 343 360 359)
4(191 208 361 344)
4(207 360 361 208)
4(343 344 361 360)
4(192 209 362 345)
4(208 361 362 209)
4(344 345 362 361)
4(193 210 363 346)
4(209 362 363 210)
4(345 346 363 362)
4(194 211 364 347)
4(210 363 364 211)
4(346 347 364 363)
4(195 212 365 348)
4(211 364 365 212)
4(347 348 365 364)
4(196 213 366 349)
4(212 365 366 213)
4(348 349 366 365)
4(197 214 367 350)
4(213 366 367 214)
4(349 350 367 366)
4(198 215 368 351)
4(214 367 368 215)
4(350 351 368 367)
4(199 216 369 352)
4(215 368 369 216)
4(351 352 369 368)
4(200 217 370 353)
4(216 369 370 217)
4(352 353 370 369)
4(201 218 371 354)
4(217 370 371 218)
4(353 354 371 370)
4(202 219 372 355)
4(218 371 372 219)
4(354 355 372 371)
4(219 372 373 220)
4(355 356 373 372)
4(205 222 375 358)
4(221 374 375 222)
4(357 358 375 374)
4(206 223 376 359)
4(222 375 376 223)
4(358 359 376 375)
4(207 224 377 360)
4(223 376 377 224)
4(359 360 377 376)
4(208 225 378 361)
4(224 377 378 225)
4(360 361 378 377)
4(209 226 379 362)
4(225 378 379 226)
4(361 362 379 378)
4(210 227 380 363)
4(226 379 380 227)
4(362 363 380 379)
4(211 228 381 364)
4(227 380 381 228)
4(363 364 381 380)
4(212 229 382 365)
4(228 381 382 229)
4(364 365 382 381)
4(213 230 383 366)
4(229 382 383 230)
4(365 366 383 382)
4(214 231 384 367)
4(230 383 384 231)
4(366 367 384 383)
4(215 232 385 368)
4(231 384 385 232)
4(367 368 385 384)
4(216 233 386 369)
4(232 385 386 233)
4(368 369 386 385)
4(217 234 387 370)
4(233 386 387 234)
4(369 370 387 386)
4(218 235 388 371)
4(234 387 388 235)
4(370 371 388 387)
4(219 236 389 372)
4(235 388 389 236)
4(371 372 389 388)
4(236 389 390 237)
4(372 373 390 389)
4(222 239 392 375)
4(238 391 392 239)
4(374 375 392 391)
4(223 240 393 376)
4(239 392 393 240)
4(375 376 393 392)
4(224 241 394 377)
4(240 393 394 241)
4(376 377 394 393)
4(225 242 395 378)
4(241 394 395 242)
4(377 378 395 394)
4(226 243 396 379)
4(242 395 396 243)
4(378 379 396 395)
4(227 244 397 380)
4(243 396 397 244)
4(379 380 397 396)
4(228 245 398 381)
4(244 397 398 245)
4(380 381 398 397)
4(229 246 399 382)
4(245 398 399 246)
4(381 382 399 398)
4(230 247 400 383)
4(246 399 400 247)
4(382 383 400 399)
4(231 248 401 384)
4(247 400 401 248)
4(383 384 401 400)
4(232 249 402 385)
4(248 401 402 249)
4(384 385 402 401)
4(233 250 403 386)
4(249 402 403 250)
4(385 386 403 402)
4(234 251 404 387)
4(250 403 404 251)
4(386 387 404 403)
4(235 252 405 388)
4(251 404 405 252)
4(387 388 405 404)
4(236 253 406 389)
4(252 405 406 253)
4(388 389 406 405)
4(253 406 407 254)
4(389 390 407 406)
4(239 256 409 392)
4(255 408 409 256)
4(391 392 409 408)
4(240 257 410 393)
4(256 409 410 257)
4(392 393 410 409)
4(241 258 411 394)
4(257 410 411 258)
4(393 394 411 410)
4(242 259 412 395)
4(258 411 412 259)
4(394 395 412 411)
4(243 260 413 396)
4(259 412 413 260)
4(395 396 413 412)
4(244 261 414 397)
4(260 413 414 261)
4(396 397 414 413)
4(245 262 415 398)
4(261 414 415 262)
4(397 398 415 414)
4(246 263 416 399)
4(262 415 416 263)
4(398 399 416 415)
4(247 264 417 400)
4(263 416 417 264)
4(399 400 417 416)
4(248 265 418 401)
4(264 417 418 265)
4(400 401 418 417)
4(249 266 419 402)
4(265 418 419 266)
4(401 402 419 418)
4(250 267 420 403)
4(266 419 420 267)
4(402 403 420 419)
4(251 268 421 404)
4(267 420 421 268)
4(403 404 421 420)
4(252 269 422 405)
4(268 421 422 269)
4(404 405 422 421)
4(253 270 423 406)
4(269 422 423 270)
4(405 406 423 422)
4(270 423 424 271)
4(406 407 424 423)
4(256 273 426 409)
4(272 425 426 273)
4(408 409 426 425)
4(257 274 427 410)
4(273 426 427 274)
4(409 410 427 426)
4(258 275 428 411)
4(274 427 428 275)
4(410 411 428 427)
4(259 276 429 412)
4(275 428 429 276)
4(411 412 429 428)
4(260 277 430 413)
4(276 429 430 277)
4(412 413 430 429)
4(261 278 431 414)
4(277 430 431 278)
4(413 414 431 430)
4(262 279 432 415)
4(278 431 432 279)
4(414 415 432 431)
4(263 280 433 416)
4(279 432 433 280)
4(415 416 433 432)
4(264 281 434 417)
4(280 433 434 281)
4(416 417 434 433)
4(265 282 435 418)
4(281 434 435 282)
4(417 418 435 434)
4(266 283 436 419)
4(282 435 436 283)
4(418 419 436 435)
4(267 284 437 420)
4(283 436 437 284)
4(419 420 437 436)
4(268 285 438 421)
4(284 437 438 285)
4(420 421 438 437)
4(269 286 439 422)
4(285 438 439 286)
4(421 422 439 438)
4(270 287 440 423)
4(286 439 440 287)
4(422 423 440 439)
4(287 440 441 288)
4(423 424 441 440)
4(273 290 443 426)
4(425 426 443 442)
4(274 291 444 427)
4(426 427 444 443)
4(275 292 445 428)
4(427 428 445 444)
4(276 293 446 429)
4(428 429 446 445)
4(277 294 447 430)
4(429 430 447 446)
4(278 295 448 431)
4(430 431 448 447)
4(279 296 449 432)
4(431 432 449 448)
4(280 297 450 433)
4(432 433 450 449)
4(281 298 451 434)
4(433 434 451 450)
4(282 299 452 435)
4(434 435 452 451)
4(283 300 453 436)
4(435 436 453 452)
4(284 301 454 437)
4(436 437 454 453)
4(285 302 455 438)
4(437 438 455 454)
4(286 303 456 439)
4(438 439 456 455)
4(287 304 457 440)
4(439 440 457 456)
4(440 441 458 457)
4(307 324 477 460)
4(323 476 477 324)
4(459 460 477 476)
4(308 325 478 461)
4(324 477 478 325)
4(460 461 478 477)
4(309 326 479 462)
4(325 478 479 326)
4(461 462 479 478)
4(310 327 480 463)
4(326 479 480 327)
4(462 463 480 479)
4(311 328 481 464)
4(327 480 481 328)
4(463 464 481 480)
4(312 329 482 465)
4(328 481 482 329)
4(464 465 482 481)
4(313 330 483 466)
4(329 482 483 330)
4(465 466 483 482)
4(314 331 484 467)
4(330 483 484 331)
4(466 467 484 483)
4(315 332 485 468)
4(331 484 485 332)
4(467 468 485 484)
4(316 333 486 469)
4(332 485 486 333)
4(468 469 486 485)
4(317 334 487 470)
4(333 486 487 334)
4(469 470 487 486)
4(318 335 488 471)
4(334 487 488 335)
4(470 471 488 487)
4(319 336 489 472)
4(335 488 489 336)
4(471 472 489 488)
4(320 337 490 473)
4(336 489 490 337)
4(472 473 490 489)
4(321 338 491 474)
4(337 490 491 338)
4(473 474 491 490)
4(338 491 492 339)
4(474 475 492 491)
4(324 341 494 477)
4(340 493 494 341)
4(476 477 494 493)
4(325 342 495 478)
4(341 494 495 342)
4(477 478 495 494)
4(326 343 496 479)
4(342 495 496 343)
4(478 479 496 495)
4(327 344 497 480)
4(343 496 497 344)
4(479 480 497 496)
4(328 345 498 481)
4(344 497 498 345)
4(480 481 498 497)
4(329 346 499 482)
4(345 498 499 346)
4(481 482 499 498)
4(330 347 500 483)
4(346 499 500 347)
4(482 483 500 499)
4(331 348 501 484)
4(347 500 501 348)
4(483 484 501 500)
4(332 349 502 485)
4(348 501 502 349)
4(484 485 502 501)
4(333 350 503 486)
4(349 502 503 350)
4(485 486 503 502)
4(334 351 504 487)
4(350 503 504 351)
4(486 487 504 503)
4(335 352 505 488)
4(351 504 505 352)
4(487 488 505 504)
4(336 353 506 489)
4(352 505 506 353)
4(488 489 506 505)
4(337 354 507 490)
4(353 506 507 354)
4(489 490 507 506)
4(338 355 508 491)
4(354 507 508 355)
4(490 491 508 507)
4(355 508 509 356)
4(491 492 509 508)
4(341 358 511 494)
4(357 510 511 358)
4(493 494 511 510)
4(342 359 512 495)
4(358 511 512 359)
4(494 495 512 511)
4(343 360 513 496)
4(359 512 513 360)
4(495 496 513 512)
4(344 361 514 497)
4(360 513 514 361)
4(496 497 514 513)
4(345 362 515 498)
4(361 514 515 362)
4(497 498 515 514)
4(346 363 516 499)
4(362 515 516 363)
4(498 499 516 515)
4(347 364 517 500)
4(363 516 517 364)
4(499 500 517 516)
4(348 365 518 501)
4(364 517 518 365)
4(500 501 518 517)
4(349 366 519 502)
4(365 518 519 366)
4(501 502 519 518)
4(350 367 520 503)
4(366 519 520 367)
4(502 503 520 519)
4(351 368 521 504)
4(367 520 521 368)
4(503 504 521 520)
4(352 369 522 505)
4(368 521 522 369)
4(504 505 522 521)
4(353 370 523 506)
4(369 522 523 370)
4(505 506 523 522)
4(354 371 524 507)
4(370 523 524 371)
4(506 507 524 523)
4(355 372 525 508)
4(371 524 525 372)
4(507 508 525 524)
4(372 525 526 373)
4(508 509 526 525)
4(358 375 528 511)
4(374 527 528 375)
4(510 511 528 527)
4(359 376 529 512)
4(375 528 529 376)
4(511 512 529 528)
4(360 377 530 513)
4(376 529 530 377)
4(512 513 530 529)
4(361 378 531 514)
4(377 530 531 378)
4(513 514 531 530)
4(362 379 532 515)
4(378 531 532 379)
4(514 515 532 531)
4(363 380 533 516)
4(379 532 533 380)
4(515 516 533 532)
4(364 381 534 517)
4(380 533 534 381)
4(516 517 534 533)
4(365 382 535 518)
4(381 534 535 382)
4(517 518 535 534)
4(366 383 536 519)
4(382 535 536 383)
4(518 519 536 535)
4(367 384 537 520)
4(383 536 537 384)
4(519 520 537 536)
4(368 385 538 521)
4(384 537 538 385)
4(520 521 538 537)
4(369 386 539 522)
4(385 538 539 386)
4(521 522 539 538)
4(370 387 540 523)
4(386 539 540 387)
4(522 523 540 539)
4(371 388 541 524)
4(387 540 541 388)
4(523 524 541 540)
4(372 389 542 525)
4(388 541 542 389)
4(524 525 542 541)
4(389 542 543 390)
4(525 526 543 542)
4(375 392 545 528)
4(391 544 545 392)
4(527 528 545 544)
4(376 393 546 529)
4(392 545 546 393)
4(528 529 546 545)
4(377 394 547 530)
4(393 546 547 394)
4(529 530 547 546)
4(378 395 548 531)
4(394 547 548 395)
4(530 531 548 547)
4(379 396 549 532)
4(395 548 549 396)
4(531 532 549 548)
4(380 397 550 533)
4(396 549 550 397)
4(532 533 550 549)
4(381 398 551 534)
4(397 550 551 398)
4(533 534 551 550)
4(382 399 552 535)
4(398 551 552 399)
4(534 535 552 551)
4(383 400 553 536)
4(399 552 553 400)
4(535 536 553 552)
4(384 401 554 537)
4(400 553 554 401)
4(536 537 554 553)
4(385 402 555 538)
4(401 554 555 402)
4(537 538 555 554)
4(386 403 556 539)
4(402 555 556 403)
4(538 539 556 555)
4(387 404 557 540)
4(403 556 557 404)
4(539 540 557 556)
4(388 405 558 541)
4(404 557 558 405)
4(540 541 558 557)
4(389 406 559 542)
4(405 558 559 406)
4(541 542 559 558)
4(406 559 560 407)
4(542 543 560 559)
4(392 409 562 545)
4(408 561 562 409)
4(544 545 562 561)
4(393 410 563 546)
4(409 562 563 410)
4(545 546 563 562)
4(394 411 564 547)
4(410 563 564 411)
4(546 547 564 563)
4(395 412 565 548)
4(411 564 565 412)
4(547 548 565 564)
4(396 413 566 549)
4(412 565 566 413)
4(548 549 566 565)
4(397 414 567 550)
4(413 566 567 414)
4(549 550 567 566)
4(398 415 568 551)
4(414 567 568 415)
4(550 551 568 567)
4(399 416 569 552)
4(415 568 569 416)
4(551 552 569 568)
4(400 417 570 553)
4(416 569 570 417)
4(552 553 570 569)
4(401 418 571 554)
4(417 570 571 418)
4(553 554 571 570)
4(402 419 572 555)
4(418 571 572 419)
4(554 555 572 571)
4(403 420 573 556)
4(419 572 573 420)
4(555 556 573 572)
4(404 421 574 557)
4(420 573 574 421)
4(556 557 574 573)
4(405 422 575 558)
4(421 574 575 422)
4(557 558 575 574)
4(406 423 576 559)
4(422 575 576 423)
4(558 559 576 575)
4(423 576 577 424)
4(559 560 577 576)
4(409 426 579 562)
4(425 578 579 426)
4(561 562 579 578)
4(410 427 580 563)
4(426 579 580 427)
4(562 563 580 579)
4(411 428 581 564)
4(427 580 581 428)
4(563 564 581 580)
4(412 429 582 565)
4(428 581 582 429)
4(564 565 582 581)
4(413 430 583 566)
4(429 582 583 430)
4(565 566 583 582)
4(414 431 584 567)
4(430 583 584 431)
4(566 567 584 583)
4(415 432 585 568)
4(431 584 585 432)
4(567 568 585 584)
4(416 433 586 569)
4(432 585 586 433)
4(568 569 586 585)
4(417 434 587 570)
4(433 586 587 434)
4(569 570 587 586)
4(418 435 588 571)
4(434 587 588 435)
4(570 571 588 587)
4(419 436 589 572)
4(435 588 589 436)
4(571 572 589 588)
4(420 437 590 573)
4(436 589 590 437)
4(572 573 590 589)
4(421 438 591 574)
4(437 590 591 438)
4(573 574 591 590)
4(422 439 592 575)
4(438 591 592 439)
4(574 575 592 591)
4(423 440 593 576)
4(439 592 593 440)
4(575 576 593 592)
4(440 593 594 441)
4(576 577 594 593)
4(426 443 596 579)
4(578 579 596 595)
4(427 444 597 580)
4(579 580 597 596)
4(428 445 598 581)
4(580 581 598 597)
4(429 446 599 582)
4(581 582 599 598)
4(430 447 600 583)
4(582 583 600 599)
4(431 448 601 584)
4(583 584 601 600)
4(432 449 602 585)
4(584 585 602 601)
4(433 450 603 586)
4(585 586 603 602)
4(434 451 604 587)
4(586 587 604 603)
4(435 452 605 588)
4(587 588 605 604)
4(436 453 606 589)
4(588 589 606 605)
4(437 454 607 590)
4(589 590 607 606)
4(438 455 608 591)
4(590 591 608 607)
4(439 456 609 592)
4(591 592 609 608)
4(440 457 610 593)
4(592 593 610 609)
4(593 594 611 610)
4(460 477 630 613)
4(476 629 630 477)
4(461 478 631 614)
4(477 630 631 478)
4(462 479 632 615)
4(478 631 632 479)
4(463 480 633 616)
4(479 632 633 480)
4(464 481 634 617)
4(480 633 634 481)
4(465 482 635 618)
4(481 634 635 482)
4(466 483 636 619)
4(482 635 636 483)
4(467 484 637 620)
4(483 636 637 484)
4(468 485 638 621)
4(484 637 638 485)
4(469 486 639 622)
4(485 638 639 486)
4(470 487 640 623)
4(486 639 640 487)
4(471 488 641 624)
4(487 640 641 488)
4(472 489 642 625)
4(488 641 642 489)
4(473 490 643 626)
4(489 642 643 490)
4(474 491 644 627)
4(490 643 644 491)
4(491 644 645 492)
4(477 494 647 630)
4(493 646 647 494)
4(478 495 648 631)
4(494 647 648 495)
4(479 496 649 632)
4(495 648 649 496)
4(480 497 650 633)
4(496 649 650 497)
4(481 498 651 634)
4(497 650 651 498)
4(482 499 652 635)
4(498 651 652 499)
4(483 500 653 636)
4(499 652 653 500)
4(484 501 654 637)
4(500 653 654 501)
4(485 502 655 638)
4(501 654 655 502)
4(486 503 656 639)
4(502 655 656 503)
4(487 504 657 640)
4(503 656 657 504)
4(488 505 658 641)
4(504 657 658 505)
4(489 506 659 642)
4(505 658 659 506)
4(490 507 660 643)
4(506 659 660 507)
4(491 508 661 644)
4(507 660 661 508)
4(508 661 662 509)
4(494 511 664 647)
4(510 663 664 511)
4(495 512 665 648)
4(511 664 665 512)
4(496 513 666 649)
4(512 665 666 513)
4(497 514 667 650)
4(513 666 667 514)
4(498 515 668 651)
4(514 667 668 515)
4(499 516 669 652)
4(515 668 669 516)
4(500 517 670 653)
4(516 669 670 517)
4(501 518 671 654)
4(517 670 671 518)
4(502 519 672 655)
4(518 671 672 519)
4(503 520 673 656)
4(519 672 673 520)
4(504 521 674 657)
4(520 673 674 521)
4(505 522 675 658)
4(521 674 675 522)
4(506 523 676 659)
4(522 675 676 523)
4(507 524 677 660)
4(523 676 677 524)
4(508 525 678 661)
4(524 677 678 525)
4(525 678 679 526)
4(511 528 681 664)
4(527 680 681 528)
4(512 529 682 665)
4(528 681 682 529)
4(513 530 683 666)
4(529 682 683 530)
4(514 531 684 667)
4(530 683 684 531)
4(515 532 685 668)
4(531 684 685 532)
4(516 533 686 669)
4(532 685 686 533)
4(517 534 687 670)
4(533 686 687 534)
4(518 535 688 671)
4(534 687 688 535)
4(519 536 689 672)
4(535 688 689 536)
4(520 537 690 673)
4(536 689 690 537)
4(521 538 691 674)
4(537 690 691 538)
4(522 539 692 675)
4(538 691 692 539)
4(523 540 693 676)
4(539 692 693 540)
4(524 541 694 677)
4(540 693 694 541)
4(525 542 695 678)
4(541 694 695 542)
4(542 695 696 543)
4(528 545 698 681)
4(544 697 698 545)
4(529 546 699 682)
4(545 698 699 546)
4(530 547 700 683)
4(546 699 700 547)
4(531 548 701 684)
4(547 700 701 548)
4(532 549 702 685)
4(548 701 702 549)
4(533 550 703 686)
4(549 702 703 550)
4(534 551 704 687)
4(550 703 704 551)
4(535 552 705 688)
4(551 704 705 552)
4(536 553 706 689)
4(552 705 706 553)
4(537 554 707 690)
4(553 706 707 554)
4(538 555 708 691)
4(554 707 708 555)
4(539 556 709 692)
4(555 708 709 556)
4(540 557 710 693)
4(556 709 710 557)
4(541 558 711 694)
4(557 710 711 558)
4(542 559 712 695)
4(558 711 712 559)
4(559 712 713 560)
4(545 562 715 698)
4(561 714 715 562)
4(546 563 716 699)
4(562 715 716 563)
4(547 564 717 700)
4(563 716 717 564)
4(548 565 718 701)
4(564 717 718 565)
4(549 566 719 702)
4(565 718 719 566)
4(550 567 720 703)
4(566 719 720 567)
4(551 568 721 704)
4(567 720 721 568)
4(552 569 722 705)
4(568 721 722 569)
4(553 570 723 706)
4(569 722 723 570)
4(554 571 724 707)
4(570 723 724 571)
4(555 572 725 708)
4(571 724 725 572)
4(556 573 726 709)
4(572 725 726 573)
4(557 574 727 710)
4(573 726 727 574)
4(558 575 728 711)
4(574 727 728 575)
4(559 576 729 712)
4(575 728 729 576)
4(576 729 730 577)
4(562 579 732 715)
4(578 731 732 579)
4(563 580 733 716)
4(579 732 733 580)
4(564 581 734 717)
4(580 733 734 581)
4(565 582 735 718)
4(581 734 735 582)
4(566 583 736 719)
4(582 735 736 583)
4(567 584 737 720)
4(583 736 737 584)
4(568 585 738 721)
4(584 737 738 585)
4(569 586 739 722)
4(585 738 739 586)
4(570 587 740 723)
4(586 739 740 587)
4(571 588 741 724)
4(587 740 741 588)
4(572 589 742 725)
4(588 741 742 589)
4(573 590 743 726)
4(589 742 743 590)
4(574 591 744 727)
4(590 743 744 591)
4(575 592 745 728)
4(591 744 745 592)
4(576 593 746 729)
4(592 745 746 593)
4(593 746 747 594)
4(579 596 749 732)
4(580 597 750 733)
4(581 598 751 734)
4(582 599 752 735)
4(583 600 753 736)
4(584 601 754 737)
4(585 602 755 738)
4(586 603 756 739)
4(587 604 757 740)
4(588 605 758 741)
4(589 606 759 742)
4(590 607 760 743)
4(591 608 761 744)
4(592 609 762 745)
4(593 610 763 746)
4(136 289 290 137)
4(289 442 443 290)
4(442 595 596 443)
4(595 748 749 596)
4(137 290 291 138)
4(290 443 444 291)
4(443 596 597 444)
4(596 749 750 597)
4(138 291 292 139)
4(291 444 445 292)
4(444 597 598 445)
4(597 750 751 598)
4(139 292 293 140)
4(292 445 446 293)
4(445 598 599 446)
4(598 751 752 599)
4(140 293 294 141)
4(293 446 447 294)
4(446 599 600 447)
4(599 752 753 600)
4(141 294 295 142)
4(294 447 448 295)
4(447 600 601 448)
4(600 753 754 601)
4(142 295 296 143)
4(295 448 449 296)
4(448 601 602 449)
4(601 754 755 602)
4(143 296 297 144)
4(296 449 450 297)
4(449 602 603 450)
4(602 755 756 603)
4(144 297 298 145)
4(297 450 451 298)
4(450 603 604 451)
4(603 756 757 604)
4(145 298 299 146)
4(298 451 452 299)
4(451 604 605 452)
4(604 757 758 605)
4(146 299 300 147)
4(299 452 453 300)
4(452 605 606 453)
4(605 758 759 606)
4(147 300 301 148)
4(300 453 454 301)
4(453 606 607 454)
4(606 759 760 607)
4(148 301 302 149)
4(301 454 455 302)
4(454 607 608 455)
4(607 760 761 608)
4(149 302 303 150)
4(302 455 456 303)
4(455 608 609 456)
4(608 761 762 609)
4(150 303 304 151)
4(303 456 457 304)
4(456 609 610 457)
4(609 762 763 610)
4(151 304 305 152)
4(304 457 458 305)
4(457 610 611 458)
4(610 763 764 611)
4(0 1 154 153)
4(153 154 307 306)
4(306 307 460 459)
4(459 460 613 612)
4(1 2 155 154)
4(154 155 308 307)
4(307 308 461 460)
4(460 461 614 613)
4(2 3 156 155)
4(155 156 309 308)
4(308 309 462 461)
4(461 462 615 614)
4(3 4 157 156)
4(156 157 310 309)
4(309 310 463 462)
4(462 463 616 615)
4(4 5 158 157)
4(157 158 311 310)
4(310 311 464 463)
4(463 464 617 616)
4(5 6 159 158)
4(158 159 312 311)
4(311 312 465 464)
4(464 465 618 617)
4(6 7 160 159)
4(159 160 313 312)
4(312 313 466 465)
4(465 466 619 618)
4(7 8 161 160)
4(160 161 314 313)
4(313 314 467 466)
4(466 467 620 619)
4(8 9 162 161)
4(161 162 315 314)
4(314 315 468 467)
4(467 468 621 620)
4(9 10 163 162)
4(162 163 316 315)
4(315 316 469 468)
4(468 469 622 621)
4(10 11 164 163)
4(163 164 317 316)
4(316 317 470 469)
4(469 470 623 622)
4(11 12 165 164)
4(164 165 318 317)
4(317 318 471 470)
4(470 471 624 623)
4(12 13 166 165)
4(165 166 319 318)
4(318 319 472 471)
4(471 472 625 624)
4(13 14 167 166)
4(166 167 320 319)
4(319 320 473 472)
4(472 473 626 625)
4(14 15 168 167)
4(167 168 321 320)
4(320 321 474 473)
4(473 474 627 626)
4(15 16 169 168)
4(168 169 322 321)
4(321 322 475 474)
4(474 475 628 627)
4(0 153 170 17)
4(17 170 187 34)
4(34 187 204 51)
4(51 204 221 68)
4(68 221 238 85)
4(85 238 255 102)
4(102 255 272 119)
4(119 272 289 136)
4(153 306 323 170)
4(170 323 340 187)
4(187 340 357 204)
4(204 357 374 221)
4(221 374 391 238)
4(238 391 408 255)
4(255 408 425 272)
4(272 425 442 289)
4(306 459 476 323)
4(323 476 493 340)
4(340 493 510 357)
4(357 510 527 374)
4(374 527 544 391)
4(391 544 561 408)
4(408 561 578 425)
4(425 578 595 442)
4(459 612 629 476)
4(476 629 646 493)
4(493 646 663 510)
4(510 663 680 527)
4(527 680 697 544)
4(544 697 714 561)
4(561 714 731 578)
4(578 731 748 595)
4(16 33 186 169)
4(33 50 203 186)
4(50 67 220 203)
4(67 84 237 220)
4(84 101 254 237)
4(101 118 271 254)
4(118 135 288 271)
4(135 152 305 288)
4(169 186 339 322)
4(186 203 356 339)
4(203 220 373 356)
4(220 237 390 373)
4(237 254 407 390)
4(254 271 424 407)
4(271 288 441 424)
4(288 305 458 441)
4(322 339 492 475)
4(339 356 509 492)
4(356 373 526 509)
4(373 390 543 526)
4(390 407 560 543)
4(407 424 577 560)
4(424 441 594 577)
4(441 458 611 594)
4(475 492 645 628)
4(492 509 662 645)
4(509 526 679 662)
4(526 543 696 679)
4(543 560 713 696)
4(560 577 730 713)
4(577 594 747 730)
4(594 611 764 747)
4(0 17 18 1)
4(17 34 35 18)
4(34 51 52 35)
4(51 68 69 52)
4(68 85 86 69)
4(85 102 103 86)
4(102 119 120 103)
4(119 136 137 120)
4(1 18 19 2)
4(18 35 36 19)
4(35 52 53 36)
4(52 69 70 53)
4(69 86 87 70)
4(86 103 104 87)
4(103 120 121 104)
4(120 137 138 121)
4(2 19 20 3)
4(19 36 37 20)
4(36 53 54 37)
4(53 70 71 54)
4(70 87 88 71)
4(87 104 105 88)
4(104 121 122 105)
4(121 138 139 122)
4(3 20 21 4)
4(20 37 38 21)
4(37 54 55 38)
4(54 71 72 55)
4(71 88 89 72)
4(88 105 106 89)
4(105 122 123 106)
4(122 139 140 123)
4(4 21 22 5)
4(21 38 39 22)
4(38 55 56 39)
4(55 72 73 56)
4(72 89 90 73)
4(89 106 107 90)
4(106 123 124 107)
4(123 140 141 124)
4(5 22 23 6)
4(22 39 40 23)
4(39 56 57 40)
4(56 73 74 57)
4(73 90 91 74)
4(90 107 108 91)
4(107 124 125 108)
4(124 141 142 125)
4(6 23 24 7)
4(23 40 41 24)
4(40 57 58 41)
4(57 74 75 58)
4(74 91 92 75)
4(91 108 109 92)
4(108 125 126 109)
4(125 142 143 126)
4(7 24 25 8)
4(24 41 42 25)
4(41 58 59 42)
4(58 75 76 59)
4(75 92 93 76)
4(92 109 110 93)
4(109 126 127 110)
4(126 143 144 127)
4(8 25 26 9)
4(25 42 43 26)
4(42 59 60 43)
4(59 76 77 60)
4(76 93 94 77)
4(93 110 111 94)
4(110 127 128 111)
4(127 144 145 128)
4(9 26 27 10)
4(26 43 44 27)
4(43 60 61 44)
4(60 77 78 61)
4(77 94 95 78)
4(94 111 112 95)
4(111 128 129 112)
4(128 145 146 129)
4(10 27 28 11)
4(27 44 45 28)
4(44 61 62 45)
4(61 78 79 62)
4(78 95 96 79)
4(95 112 113 96)
4(112 129 130 113)
4(129 146 147 130)
4(11 28 29 12)
4(28 45 46 29)
4(45 62 63 46)
4(62 79 80 63)
4(79 96 97 80)
4(96 113 114 97)
4(113 130 131 114)
4(130 147 148 131)
4(12 29 30 13)
4(29 46 47 30)
4(46 63 64 47)
4(63 80 81 64)
4(80 97 98 81)
4(97 114 115 98)
4(114 131 132 115)
4(131 148 149 132)
4(13 30 31 14)
4(30 47 48 31)
4(47 64 65 48)
4(64 81 82 65)
4(81 98 99 82)
4(98 115 116 99)
4(115 132 133 116)
4(132 149 150 133)
4(14 31 32 15)
4(31 48 49 32)
4(48 65 66 49)
4(65 82 83 66)
4(82 99 100 83)
4(99 116 117 100)
4(116 133 134 117)
4(133 150 151 134)
4(15 32 33 16)
4(32 49 50 33)
4(49 66 67 50)
4(66 83 84 67)
4(83 100 101 84)
4(100 117 118 101)
4(117 134 135 118)
4(134 151 152 135)
4(612 613 630 629)
4(629 630 647 646)
4(646 647 664 663)
4(663 664 681 680)
4(680 681 698 697)
4(697 698 715 714)
4(714 715 732 731)
4(731 732 749 748)
4(613 614 631 630)
4(630 631 648 647)
4(647 648 665 664)
4(664 665 682 681)
4(681 682 699 698)
4(698 699 716 715)
4(715 716 733 732)
4(732 733 750 749)
4(614 615 632 631)
4(631 632 649 648)
4(648 649 666 665)
4(665 666 683 682)
4(682 683 700 699)
4(699 700 717 716)
4(716 717 734 733)
4(733 734 751 750)
4(615 616 633 632)
4(632 633 650 649)
4(649 650 667 666)
4(666 667 684 683)
4(683 684 701 700)
4(700 701 718 717)
4(717 718 735 734)
4(734 735 752 751)
4(616 617 634 633)
4(633 634 651 650)
4(650 651 668 667)
4(667 668 685 684)
4(684 685 702 701)
4(701 702 719 718)
4(718 719 736 735)
4(735 736 753 752)
4(617 618 635 634)
4(634 635 652 651)
4(651 652 669 668)
4(668 669 686 685)
4(685 686 703 702)
4(702 703 720 719)
4(719 720 737 736)
4(736 737 754 753)
4(618 619 636 635)
4(635 636 653 652)
4(652 653 670 669)
4(669 670 687 686)
4(686 687 704 703)
4(703 704 721 720)
4(720 721 738 737)
4(737 738 755 754)
4(619 620 637 636)
4(636 637 654 653)
4(653 654 671 670)
4(670 671 688 687)
4(687 688 705 704)
4(704 705 722 721)
4(721 722 739 738)
4(738 739 756 755)
4(620 621 638 637)
4(637 638 655 654)
4(654 655 672 671)
4(671 672 689 688)
4(688 689 706 705)
4(705 706 723 722)
4(722 723 740 739)
4(739 740 757 756)
4(621 622 639 638)
4(638 639 656 655)
4(655 656 673 672)
4(672 673 690 689)
4(689 690 707 706)
4(706 707 724 723)
4(723 724 741 740)
4(740 741 758 757)
4(622 623 640 639)
4(639 640 657 656)
4(656 657 674 673)
4(673 674 691 690)
4(690 691 708 707)
4(707 708 725 724)
4(724 725 742 741)
4(741 742 759 758)
4(623 624 641 640)
4(640 641 658 657)
4(657 658 675 674)
4(674 675 692 691)
4(691 692 709 708)
4(708 709 726 725)
4(725 726 743 742)
4(742 743 760 759)
4(624 625 642 641)
4(641 642 659 658)
4(658 659 676 675)
4(675 676 693 692)
4(692 693 710 709)
4(709 710 727 726)
4(726 727 744 743)
4(743 744 761 760)
4(625 626 643 642)
4(642 643 660 659)
4(659 660 677 676)
4(676 677 694 693)
4(693 694 711 710)
4(710 711 728 727)
4(727 728 745 744)
4(744 745 762 761)
4(626 627 644 643)
4(643 644 661 660)
4(660 661 678 677)
4(677 678 695 694)
4(694 695 712 711)
4(711 712 729 728)
4(728 729 746 745)
4(745 746 763 762)
4(627 628 645 644)
4(644 645 662 661)
4(661 662 679 678)
4(678 679 696 695)
4(695 696 713 712)
4(712 713 730 729)
4(729 730 747 746)
4(746 747 764 763)
)


// ************************************************************************* //
