/*--------------------------------*- C++ -*----------------------------------*\
| =========                 |                                                 |
| \\      /  F ield         | OpenFOAM: The Open Source CFD Toolbox           |
|  \\    /   O peration     | Version:  2306                                  |
|   \\  /    A nd           | Website:  www.openfoam.com                      |
|    \\/     M anipulation  |                                                 |
\*---------------------------------------------------------------------------*/
FoamFile
{
    version     2.0;
    format      ascii;
    arch        "LSB;label=32;scalar=64";
    note        "nPoints:765  nCells:512  nFaces:1760  nInternalFaces:1312";
    class       labelList;
    location    "constant/polyMesh";
    object      neighbour;
}
// * * * * * * * * * * * * * * * * * * * * * * * * * * * * * * * * * * * * * //


1312
(
1
16
128
2
17
129
3
18
130
4
19
131
5
20
132
6
21
133
7
22
134
8
23
135
9
24
136
10
25
137
11
26
138
12
27
139
13
28
140
14
29
141
15
30
142
31
143
17
32
144
18
33
145
19
34
146
20
35
147
21
36
148
22
37
149
23
38
150
24
39
151
25
40
152
26
41
153
27
42
154
28
43
155
29
44
156
30
45
157
31
46
158
47
159
33
48
160
34
49
161
35
50
162
36
51
163
37
52
164
38
53
165
39
54
166
40
55
167
41
56
168
42
57
169
43
58
170
44
59
171
45
60
172
46
61
173
47
62
174
63
175
49
64
176
50
65
177
51
66
178
52
67
179
53
68
180
54
69
181
55
70
182
56
71
183
57
72
184
58
73
185
59
74
186
60
75
187
61
76
188
62
77
189
63
78
190
79
191
65
80
192
66
81
193
67
82
194
68
83
195
69
84
196
70
85
197
71
86
198
72
87
199
73
88
200
74
89
201
75
90
202
76
91
203
77
92
204
78
93
205
79
94
206
95
207
81
96
208
82
97
209
83
98
210
84
99
211
85
100
212
86
101
213
87
102
214
88
103
215
89
104
216
90
105
217
91
106
218
92
107
219
93
108
220
94
109
221
95
110
222
111
223
97
112
224
98
113
225
99
114
226
100
115
227
101
116
228
102
117
229
103
118
230
104
119
231
105
120
232
106
121
233
107
122
234
108
123
235
109
124
236
110
125
237
111
126
238
127
239
113
240
114
241
115
242
116
243
117
244
118
245
119
246
120
247
121
248
122
249
123
250
124
251
125
252
126
253
127
254
255
129
144
256
130
145
257
131
146
258
132
147
259
133
148
260
134
149
261
135
150
262
136
151
263
137
152
264
138
153
265
139
154
266
140
155
267
141
156
268
142
157
269
143
158
270
159
271
145
160
272
146
161
273
147
162
274
148
163
275
149
164
276
150
165
277
151
166
278
152
167
279
153
168
280
154
169
281
155
170
282
156
171
283
157
172
284
158
173
285
159
174
286
175
287
161
176
288
162
177
289
163
178
290
164
179
291
165
180
292
166
181
293
167
182
294
168
183
295
169
184
296
170
185
297
171
186
298
172
187
299
173
188
300
174
189
301
175
190
302
191
303
177
192
304
178
193
305
179
194
306
180
195
307
181
196
308
182
197
309
183
198
310
184
199
311
185
200
312
186
201
313
187
202
314
188
203
315
189
204
316
190
205
317
191
206
318
207
319
193
208
320
194
209
321
195
210
322
196
211
323
197
212
324
198
213
325
199
214
326
200
215
327
201
216
328
202
217
329
203
218
330
204
219
331
205
220
332
206
221
333
207
222
334
223
335
209
224
336
210
225
337
211
226
338
212
227
339
213
228
340
214
229
341
215
230
342
216
231
343
217
232
344
218
233
345
219
234
346
220
235
347
221
236
348
222
237
349
223
238
350
239
351
225
240
352
226
241
353
227
242
354
228
243
355
229
244
356
230
245
357
231
246
358
232
247
359
233
248
360
234
249
361
235
250
362
236
251
363
237
252
364
238
253
365
239
254
366
255
367
241
368
242
369
243
370
244
371
245
372
246
373
247
374
248
375
249
376
250
377
251
378
252
379
253
380
254
381
255
382
383
257
272
384
258
273
385
259
274
386
260
275
387
261
276
388
262
277
389
263
278
390
264
279
391
265
280
392
266
281
393
267
282
394
268
283
395
269
284
396
270
285
397
271
286
398
287
399
273
288
400
274
289
401
275
290
402
276
291
403
277
292
404
278
293
405
279
294
406
280
295
407
281
296
408
282
297
409
283
298
410
284
299
411
285
300
412
286
301
413
287
302
414
303
415
289
304
416
290
305
417
291
306
418
292
307
419
293
308
420
294
309
421
295
310
422
296
311
423
297
312
424
298
313
425
299
314
426
300
315
427
301
316
428
302
317
429
303
318
430
319
431
305
320
432
306
321
433
307
322
434
308
323
435
309
324
436
310
325
437
311
326
438
312
327
439
313
328
440
314
329
441
315
330
442
316
331
443
317
332
444
318
333
445
319
334
446
335
447
321
336
448
322
337
449
323
338
450
324
339
451
325
340
452
326
341
453
327
342
454
328
343
455
329
344
456
330
345
457
331
346
458
332
347
459
333
348
460
334
349
461
335
350
462
351
463
337
352
464
338
353
465
339
354
466
340
355
467
341
356
468
342
357
469
343
358
470
344
359
471
345
360
472
346
361
473
347
362
474
348
363
475
349
364
476
350
365
477
351
366
478
367
479
353
368
480
354
369
481
355
370
482
356
371
483
357
372
484
358
373
485
359
374
486
360
375
487
361
376
488
362
377
489
363
378
490
364
379
491
365
380
492
366
381
493
367
382
494
383
495
369
496
370
497
371
498
372
499
373
500
374
501
375
502
376
503
377
504
378
505
379
506
380
507
381
508
382
509
383
510
511
385
400
386
401
387
402
388
403
389
404
390
405
391
406
392
407
393
408
394
409
395
410
396
411
397
412
398
413
399
414
415
401
416
402
417
403
418
404
419
405
420
406
421
407
422
408
423
409
424
410
425
411
426
412
427
413
428
414
429
415
430
431
417
432
418
433
419
434
420
435
421
436
422
437
423
438
424
439
425
440
426
441
427
442
428
443
429
444
430
445
431
446
447
433
448
434
449
435
450
436
451
437
452
438
453
439
454
440
455
441
456
442
457
443
458
444
459
445
460
446
461
447
462
463
449
464
450
465
451
466
452
467
453
468
454
469
455
470
456
471
457
472
458
473
459
474
460
475
461
476
462
477
463
478
479
465
480
466
481
467
482
468
483
469
484
470
485
471
486
472
487
473
488
474
489
475
490
476
491
477
492
478
493
479
494
495
481
496
482
497
483
498
484
499
485
500
486
501
487
502
488
503
489
504
490
505
491
506
492
507
493
508
494
509
495
510
511
497
498
499
500
501
502
503
504
505
506
507
508
509
510
511
)


// ************************************************************************* //
