/*--------------------------------*- C++ -*----------------------------------*\
| =========                 |                                                 |
| \\      /  F ield         | OpenFOAM: The Open Source CFD Toolbox           |
|  \\    /   O peration     | Version:  2306                                  |
|   \\  /    A nd           | Website:  www.openfoam.com                      |
|    \\/     M anipulation  |                                                 |
\*---------------------------------------------------------------------------*/
FoamFile
{
    version     2.0;
    format      ascii;
    arch        "LSB;label=32;scalar=64";
    note        "nPoints:7236  nCells:5000  nFaces:17025  nInternalFaces:12975";
    class       labelList;
    location    "constant/polyMesh";
    object      neighbour;
}
// * * * * * * * * * * * * * * * * * * * * * * * * * * * * * * * * * * * * * //


12975
(
1
5
1000
2
6
1001
3
7
1002
4
8
1003
9
1004
6
10
1005
7
11
1006
8
12
1007
9
13
1008
14
1009
11
15
1010
12
16
1011
13
17
1012
14
18
1013
19
1014
16
20
1015
17
21
1016
18
22
1017
19
23
1018
24
1019
21
25
1020
22
26
1021
23
27
1022
24
28
1023
29
1024
26
30
1025
27
31
1026
28
32
1027
29
33
1028
34
1029
31
35
1030
32
36
1031
33
37
1032
34
38
1033
39
1034
36
40
1035
37
41
1036
38
42
1037
39
43
1038
44
1039
41
45
1040
42
46
1041
43
47
1042
44
48
1043
49
1044
46
50
1045
47
51
1046
48
52
1047
49
53
1048
54
1049
51
55
1050
52
56
1051
53
57
1052
54
58
1053
59
1054
56
60
1055
57
61
1056
58
62
1057
59
63
1058
64
1059
61
65
1060
62
66
1061
63
67
1062
64
68
1063
69
1064
66
70
1065
67
71
1066
68
72
1067
69
73
1068
74
1069
71
75
1070
72
76
1071
73
77
1072
74
78
1073
79
1074
76
80
1075
77
81
1076
78
82
1077
79
83
1078
84
1079
81
85
1080
82
86
1081
83
87
1082
84
88
1083
89
1084
86
90
1085
87
91
1086
88
92
1087
89
93
1088
94
1089
91
95
1090
92
96
1091
93
97
1092
94
98
1093
99
1094
96
100
1095
97
101
1096
98
102
1097
99
103
1098
104
1099
101
105
1100
102
106
1101
103
107
1102
104
108
1103
109
1104
106
110
1105
107
111
1106
108
112
1107
109
113
1108
114
1109
111
115
1110
112
116
1111
113
117
1112
114
118
1113
119
1114
116
120
1115
117
121
1116
118
122
1117
119
123
1118
124
1119
121
125
1120
122
126
1121
123
127
1122
124
128
1123
129
1124
126
130
1125
127
131
1126
128
132
1127
129
133
1128
134
1129
131
135
1130
132
136
1131
133
137
1132
134
138
1133
139
1134
136
140
1135
137
141
1136
138
142
1137
139
143
1138
144
1139
141
145
1140
142
146
1141
143
147
1142
144
148
1143
149
1144
146
150
1145
147
151
1146
148
152
1147
149
153
1148
154
1149
151
155
1150
152
156
1151
153
157
1152
154
158
1153
159
1154
156
160
1155
157
161
1156
158
162
1157
159
163
1158
164
1159
161
165
1160
162
166
1161
163
167
1162
164
168
1163
169
1164
166
170
1165
167
171
1166
168
172
1167
169
173
1168
174
1169
171
175
1170
172
176
1171
173
177
1172
174
178
1173
179
1174
176
180
1175
177
181
1176
178
182
1177
179
183
1178
184
1179
181
185
1180
182
186
1181
183
187
1182
184
188
1183
189
1184
186
190
1185
187
191
1186
188
192
1187
189
193
1188
194
1189
191
195
1190
192
196
1191
193
197
1192
194
198
1193
199
1194
196
200
1195
197
201
1196
198
202
1197
199
203
1198
204
1199
201
205
1200
202
206
1201
203
207
1202
204
208
1203
209
1204
206
210
1205
207
211
1206
208
212
1207
209
213
1208
214
1209
211
215
1210
212
216
1211
213
217
1212
214
218
1213
219
1214
216
220
1215
217
221
1216
218
222
1217
219
223
1218
224
1219
221
225
1220
222
226
1221
223
227
1222
224
228
1223
229
1224
226
230
1225
227
231
1226
228
232
1227
229
233
1228
234
1229
231
235
1230
232
236
1231
233
237
1232
234
238
1233
239
1234
236
240
1235
237
241
1236
238
242
1237
239
243
1238
244
1239
241
245
1240
242
246
1241
243
247
1242
244
248
1243
249
1244
246
250
1245
247
251
1246
248
252
1247
249
253
1248
254
1249
251
255
1250
252
256
1251
253
257
1252
254
258
1253
259
1254
256
260
1255
257
261
1256
258
262
1257
259
263
1258
264
1259
261
265
1260
262
266
1261
263
267
1262
264
268
1263
269
1264
266
270
1265
267
271
1266
268
272
1267
269
273
1268
274
1269
271
275
1270
272
276
1271
273
277
1272
274
278
1273
279
1274
276
280
1275
277
281
1276
278
282
1277
279
283
1278
284
1279
281
285
1280
282
286
1281
283
287
1282
284
288
1283
289
1284
286
290
1285
287
291
1286
288
292
1287
289
293
1288
294
1289
291
295
1290
292
296
1291
293
297
1292
294
298
1293
299
1294
296
300
1295
297
301
1296
298
302
1297
299
303
1298
304
1299
301
305
1300
302
306
1301
303
307
1302
304
308
1303
309
1304
306
310
1305
307
311
1306
308
312
1307
309
313
1308
314
1309
311
315
1310
312
316
1311
313
317
1312
314
318
1313
319
1314
316
320
1315
317
321
1316
318
322
1317
319
323
1318
324
1319
321
325
1320
322
326
1321
323
327
1322
324
328
1323
329
1324
326
330
1325
327
331
1326
328
332
1327
329
333
1328
334
1329
331
335
1330
332
336
1331
333
337
1332
334
338
1333
339
1334
336
340
1335
337
341
1336
338
342
1337
339
343
1338
344
1339
341
345
1340
342
346
1341
343
347
1342
344
348
1343
349
1344
346
350
1345
347
351
1346
348
352
1347
349
353
1348
354
1349
351
355
1350
352
356
1351
353
357
1352
354
358
1353
359
1354
356
360
1355
357
361
1356
358
362
1357
359
363
1358
364
1359
361
365
1360
362
366
1361
363
367
1362
364
368
1363
369
1364
366
370
1365
367
371
1366
368
372
1367
369
373
1368
374
1369
371
375
1370
372
376
1371
373
377
1372
374
378
1373
379
1374
376
380
1375
377
381
1376
378
382
1377
379
383
1378
384
1379
381
385
1380
382
386
1381
383
387
1382
384
388
1383
389
1384
386
390
1385
387
391
1386
388
392
1387
389
393
1388
394
1389
391
395
1390
392
396
1391
393
397
1392
394
398
1393
399
1394
396
400
1395
397
401
1396
398
402
1397
399
403
1398
404
1399
401
405
1400
402
406
1401
403
407
1402
404
408
1403
409
1404
406
410
1405
407
411
1406
408
412
1407
409
413
1408
414
1409
411
415
1410
412
416
1411
413
417
1412
414
418
1413
419
1414
416
420
1415
417
421
1416
418
422
1417
419
423
1418
424
1419
421
425
1420
422
426
1421
423
427
1422
424
428
1423
429
1424
426
430
1425
427
431
1426
428
432
1427
429
433
1428
434
1429
431
435
1430
432
436
1431
433
437
1432
434
438
1433
439
1434
436
440
1435
437
441
1436
438
442
1437
439
443
1438
444
1439
441
445
1440
442
446
1441
443
447
1442
444
448
1443
449
1444
446
450
1445
447
451
1446
448
452
1447
449
453
1448
454
1449
451
455
1450
452
456
1451
453
457
1452
454
458
1453
459
1454
456
460
1455
457
461
1456
458
462
1457
459
463
1458
464
1459
461
465
1460
462
466
1461
463
467
1462
464
468
1463
469
1464
466
470
1465
467
471
1466
468
472
1467
469
473
1468
474
1469
471
475
1470
472
476
1471
473
477
1472
474
478
1473
479
1474
476
480
1475
477
481
1476
478
482
1477
479
483
1478
484
1479
481
485
1480
482
486
1481
483
487
1482
484
488
1483
489
1484
486
490
1485
487
491
1486
488
492
1487
489
493
1488
494
1489
491
495
1490
492
496
1491
493
497
1492
494
498
1493
499
1494
496
500
1495
497
501
1496
498
502
1497
499
503
1498
504
1499
501
505
1500
502
506
1501
503
507
1502
504
508
1503
509
1504
506
510
1505
507
511
1506
508
512
1507
509
513
1508
514
1509
511
515
1510
512
516
1511
513
517
1512
514
518
1513
519
1514
516
520
1515
517
521
1516
518
522
1517
519
523
1518
524
1519
521
525
1520
522
526
1521
523
527
1522
524
528
1523
529
1524
526
530
1525
527
531
1526
528
532
1527
529
533
1528
534
1529
531
535
1530
532
536
1531
533
537
1532
534
538
1533
539
1534
536
540
1535
537
541
1536
538
542
1537
539
543
1538
544
1539
541
545
1540
542
546
1541
543
547
1542
544
548
1543
549
1544
546
550
1545
547
551
1546
548
552
1547
549
553
1548
554
1549
551
555
1550
552
556
1551
553
557
1552
554
558
1553
559
1554
556
560
1555
557
561
1556
558
562
1557
559
563
1558
564
1559
561
565
1560
562
566
1561
563
567
1562
564
568
1563
569
1564
566
570
1565
567
571
1566
568
572
1567
569
573
1568
574
1569
571
575
1570
572
576
1571
573
577
1572
574
578
1573
579
1574
576
580
1575
577
581
1576
578
582
1577
579
583
1578
584
1579
581
585
1580
582
586
1581
583
587
1582
584
588
1583
589
1584
586
590
1585
587
591
1586
588
592
1587
589
593
1588
594
1589
591
595
1590
592
596
1591
593
597
1592
594
598
1593
599
1594
596
600
1595
597
601
1596
598
602
1597
599
603
1598
604
1599
601
605
1600
602
606
1601
603
607
1602
604
608
1603
609
1604
606
610
1605
607
611
1606
608
612
1607
609
613
1608
614
1609
611
615
1610
612
616
1611
613
617
1612
614
618
1613
619
1614
616
620
1615
617
621
1616
618
622
1617
619
623
1618
624
1619
621
625
1620
622
626
1621
623
627
1622
624
628
1623
629
1624
626
630
1625
627
631
1626
628
632
1627
629
633
1628
634
1629
631
635
1630
632
636
1631
633
637
1632
634
638
1633
639
1634
636
640
1635
637
641
1636
638
642
1637
639
643
1638
644
1639
641
645
1640
642
646
1641
643
647
1642
644
648
1643
649
1644
646
650
1645
647
651
1646
648
652
1647
649
653
1648
654
1649
651
655
1650
652
656
1651
653
657
1652
654
658
1653
659
1654
656
660
1655
657
661
1656
658
662
1657
659
663
1658
664
1659
661
665
1660
662
666
1661
663
667
1662
664
668
1663
669
1664
666
670
1665
667
671
1666
668
672
1667
669
673
1668
674
1669
671
675
1670
672
676
1671
673
677
1672
674
678
1673
679
1674
676
680
1675
677
681
1676
678
682
1677
679
683
1678
684
1679
681
685
1680
682
686
1681
683
687
1682
684
688
1683
689
1684
686
690
1685
687
691
1686
688
692
1687
689
693
1688
694
1689
691
695
1690
692
696
1691
693
697
1692
694
698
1693
699
1694
696
700
1695
697
701
1696
698
702
1697
699
703
1698
704
1699
701
705
1700
702
706
1701
703
707
1702
704
708
1703
709
1704
706
710
1705
707
711
1706
708
712
1707
709
713
1708
714
1709
711
715
1710
712
716
1711
713
717
1712
714
718
1713
719
1714
716
720
1715
717
721
1716
718
722
1717
719
723
1718
724
1719
721
725
1720
722
726
1721
723
727
1722
724
728
1723
729
1724
726
730
1725
727
731
1726
728
732
1727
729
733
1728
734
1729
731
735
1730
732
736
1731
733
737
1732
734
738
1733
739
1734
736
740
1735
737
741
1736
738
742
1737
739
743
1738
744
1739
741
745
1740
742
746
1741
743
747
1742
744
748
1743
749
1744
746
750
1745
747
751
1746
748
752
1747
749
753
1748
754
1749
751
755
1750
752
756
1751
753
757
1752
754
758
1753
759
1754
756
760
1755
757
761
1756
758
762
1757
759
763
1758
764
1759
761
765
1760
762
766
1761
763
767
1762
764
768
1763
769
1764
766
770
1765
767
771
1766
768
772
1767
769
773
1768
774
1769
771
775
1770
772
776
1771
773
777
1772
774
778
1773
779
1774
776
780
1775
777
781
1776
778
782
1777
779
783
1778
784
1779
781
785
1780
782
786
1781
783
787
1782
784
788
1783
789
1784
786
790
1785
787
791
1786
788
792
1787
789
793
1788
794
1789
791
795
1790
792
796
1791
793
797
1792
794
798
1793
799
1794
796
800
1795
797
801
1796
798
802
1797
799
803
1798
804
1799
801
805
1800
802
806
1801
803
807
1802
804
808
1803
809
1804
806
810
1805
807
811
1806
808
812
1807
809
813
1808
814
1809
811
815
1810
812
816
1811
813
817
1812
814
818
1813
819
1814
816
820
1815
817
821
1816
818
822
1817
819
823
1818
824
1819
821
825
1820
822
826
1821
823
827
1822
824
828
1823
829
1824
826
830
1825
827
831
1826
828
832
1827
829
833
1828
834
1829
831
835
1830
832
836
1831
833
837
1832
834
838
1833
839
1834
836
840
1835
837
841
1836
838
842
1837
839
843
1838
844
1839
841
845
1840
842
846
1841
843
847
1842
844
848
1843
849
1844
846
850
1845
847
851
1846
848
852
1847
849
853
1848
854
1849
851
855
1850
852
856
1851
853
857
1852
854
858
1853
859
1854
856
860
1855
857
861
1856
858
862
1857
859
863
1858
864
1859
861
865
1860
862
866
1861
863
867
1862
864
868
1863
869
1864
866
870
1865
867
871
1866
868
872
1867
869
873
1868
874
1869
871
875
1870
872
876
1871
873
877
1872
874
878
1873
879
1874
876
880
1875
877
881
1876
878
882
1877
879
883
1878
884
1879
881
885
1880
882
886
1881
883
887
1882
884
888
1883
889
1884
886
890
1885
887
891
1886
888
892
1887
889
893
1888
894
1889
891
895
1890
892
896
1891
893
897
1892
894
898
1893
899
1894
896
900
1895
897
901
1896
898
902
1897
899
903
1898
904
1899
901
905
1900
902
906
1901
903
907
1902
904
908
1903
909
1904
906
910
1905
907
911
1906
908
912
1907
909
913
1908
914
1909
911
915
1910
912
916
1911
913
917
1912
914
918
1913
919
1914
916
920
1915
917
921
1916
918
922
1917
919
923
1918
924
1919
921
925
1920
922
926
1921
923
927
1922
924
928
1923
929
1924
926
930
1925
927
931
1926
928
932
1927
929
933
1928
934
1929
931
935
1930
932
936
1931
933
937
1932
934
938
1933
939
1934
936
940
1935
937
941
1936
938
942
1937
939
943
1938
944
1939
941
945
1940
942
946
1941
943
947
1942
944
948
1943
949
1944
946
950
1945
947
951
1946
948
952
1947
949
953
1948
954
1949
951
955
1950
952
956
1951
953
957
1952
954
958
1953
959
1954
956
960
1955
957
961
1956
958
962
1957
959
963
1958
964
1959
961
965
1960
962
966
1961
963
967
1962
964
968
1963
969
1964
966
970
1965
967
971
1966
968
972
1967
969
973
1968
974
1969
971
975
1970
972
976
1971
973
977
1972
974
978
1973
979
1974
976
980
1975
977
981
1976
978
982
1977
979
983
1978
984
1979
981
985
1980
982
986
1981
983
987
1982
984
988
1983
989
1984
986
990
1985
987
991
1986
988
992
1987
989
993
1988
994
1989
991
995
1990
992
996
1991
993
997
1992
994
998
1993
999
1994
996
1995
997
1996
998
1997
999
1998
1999
1001
1005
2000
1002
1006
2001
1003
1007
2002
1004
1008
2003
1009
2004
1006
1010
2005
1007
1011
2006
1008
1012
2007
1009
1013
2008
1014
2009
1011
1015
2010
1012
1016
2011
1013
1017
2012
1014
1018
2013
1019
2014
1016
1020
2015
1017
1021
2016
1018
1022
2017
1019
1023
2018
1024
2019
1021
1025
2020
1022
1026
2021
1023
1027
2022
1024
1028
2023
1029
2024
1026
1030
2025
1027
1031
2026
1028
1032
2027
1029
1033
2028
1034
2029
1031
1035
2030
1032
1036
2031
1033
1037
2032
1034
1038
2033
1039
2034
1036
1040
2035
1037
1041
2036
1038
1042
2037
1039
1043
2038
1044
2039
1041
1045
2040
1042
1046
2041
1043
1047
2042
1044
1048
2043
1049
2044
1046
1050
2045
1047
1051
2046
1048
1052
2047
1049
1053
2048
1054
2049
1051
1055
2050
1052
1056
2051
1053
1057
2052
1054
1058
2053
1059
2054
1056
1060
2055
1057
1061
2056
1058
1062
2057
1059
1063
2058
1064
2059
1061
1065
2060
1062
1066
2061
1063
1067
2062
1064
1068
2063
1069
2064
1066
1070
2065
1067
1071
2066
1068
1072
2067
1069
1073
2068
1074
2069
1071
1075
2070
1072
1076
2071
1073
1077
2072
1074
1078
2073
1079
2074
1076
1080
2075
1077
1081
2076
1078
1082
2077
1079
1083
2078
1084
2079
1081
1085
2080
1082
1086
2081
1083
1087
2082
1084
1088
2083
1089
2084
1086
1090
2085
1087
1091
2086
1088
1092
2087
1089
1093
2088
1094
2089
1091
1095
2090
1092
1096
2091
1093
1097
2092
1094
1098
2093
1099
2094
1096
1100
2095
1097
1101
2096
1098
1102
2097
1099
1103
2098
1104
2099
1101
1105
2100
1102
1106
2101
1103
1107
2102
1104
1108
2103
1109
2104
1106
1110
2105
1107
1111
2106
1108
1112
2107
1109
1113
2108
1114
2109
1111
1115
2110
1112
1116
2111
1113
1117
2112
1114
1118
2113
1119
2114
1116
1120
2115
1117
1121
2116
1118
1122
2117
1119
1123
2118
1124
2119
1121
1125
2120
1122
1126
2121
1123
1127
2122
1124
1128
2123
1129
2124
1126
1130
2125
1127
1131
2126
1128
1132
2127
1129
1133
2128
1134
2129
1131
1135
2130
1132
1136
2131
1133
1137
2132
1134
1138
2133
1139
2134
1136
1140
2135
1137
1141
2136
1138
1142
2137
1139
1143
2138
1144
2139
1141
1145
2140
1142
1146
2141
1143
1147
2142
1144
1148
2143
1149
2144
1146
1150
2145
1147
1151
2146
1148
1152
2147
1149
1153
2148
1154
2149
1151
1155
2150
1152
1156
2151
1153
1157
2152
1154
1158
2153
1159
2154
1156
1160
2155
1157
1161
2156
1158
1162
2157
1159
1163
2158
1164
2159
1161
1165
2160
1162
1166
2161
1163
1167
2162
1164
1168
2163
1169
2164
1166
1170
2165
1167
1171
2166
1168
1172
2167
1169
1173
2168
1174
2169
1171
1175
2170
1172
1176
2171
1173
1177
2172
1174
1178
2173
1179
2174
1176
1180
2175
1177
1181
2176
1178
1182
2177
1179
1183
2178
1184
2179
1181
1185
2180
1182
1186
2181
1183
1187
2182
1184
1188
2183
1189
2184
1186
1190
2185
1187
1191
2186
1188
1192
2187
1189
1193
2188
1194
2189
1191
1195
2190
1192
1196
2191
1193
1197
2192
1194
1198
2193
1199
2194
1196
1200
2195
1197
1201
2196
1198
1202
2197
1199
1203
2198
1204
2199
1201
1205
2200
1202
1206
2201
1203
1207
2202
1204
1208
2203
1209
2204
1206
1210
2205
1207
1211
2206
1208
1212
2207
1209
1213
2208
1214
2209
1211
1215
2210
1212
1216
2211
1213
1217
2212
1214
1218
2213
1219
2214
1216
1220
2215
1217
1221
2216
1218
1222
2217
1219
1223
2218
1224
2219
1221
1225
2220
1222
1226
2221
1223
1227
2222
1224
1228
2223
1229
2224
1226
1230
2225
1227
1231
2226
1228
1232
2227
1229
1233
2228
1234
2229
1231
1235
2230
1232
1236
2231
1233
1237
2232
1234
1238
2233
1239
2234
1236
1240
2235
1237
1241
2236
1238
1242
2237
1239
1243
2238
1244
2239
1241
1245
2240
1242
1246
2241
1243
1247
2242
1244
1248
2243
1249
2244
1246
1250
2245
1247
1251
2246
1248
1252
2247
1249
1253
2248
1254
2249
1251
1255
2250
1252
1256
2251
1253
1257
2252
1254
1258
2253
1259
2254
1256
1260
2255
1257
1261
2256
1258
1262
2257
1259
1263
2258
1264
2259
1261
1265
2260
1262
1266
2261
1263
1267
2262
1264
1268
2263
1269
2264
1266
1270
2265
1267
1271
2266
1268
1272
2267
1269
1273
2268
1274
2269
1271
1275
2270
1272
1276
2271
1273
1277
2272
1274
1278
2273
1279
2274
1276
1280
2275
1277
1281
2276
1278
1282
2277
1279
1283
2278
1284
2279
1281
1285
2280
1282
1286
2281
1283
1287
2282
1284
1288
2283
1289
2284
1286
1290
2285
1287
1291
2286
1288
1292
2287
1289
1293
2288
1294
2289
1291
1295
2290
1292
1296
2291
1293
1297
2292
1294
1298
2293
1299
2294
1296
1300
2295
1297
1301
2296
1298
1302
2297
1299
1303
2298
1304
2299
1301
1305
2300
1302
1306
2301
1303
1307
2302
1304
1308
2303
1309
2304
1306
1310
2305
1307
1311
2306
1308
1312
2307
1309
1313
2308
1314
2309
1311
1315
2310
1312
1316
2311
1313
1317
2312
1314
1318
2313
1319
2314
1316
1320
2315
1317
1321
2316
1318
1322
2317
1319
1323
2318
1324
2319
1321
1325
2320
1322
1326
2321
1323
1327
2322
1324
1328
2323
1329
2324
1326
1330
2325
1327
1331
2326
1328
1332
2327
1329
1333
2328
1334
2329
1331
1335
2330
1332
1336
2331
1333
1337
2332
1334
1338
2333
1339
2334
1336
1340
2335
1337
1341
2336
1338
1342
2337
1339
1343
2338
1344
2339
1341
1345
2340
1342
1346
2341
1343
1347
2342
1344
1348
2343
1349
2344
1346
1350
2345
1347
1351
2346
1348
1352
2347
1349
1353
2348
1354
2349
1351
1355
2350
1352
1356
2351
1353
1357
2352
1354
1358
2353
1359
2354
1356
1360
2355
1357
1361
2356
1358
1362
2357
1359
1363
2358
1364
2359
1361
1365
2360
1362
1366
2361
1363
1367
2362
1364
1368
2363
1369
2364
1366
1370
2365
1367
1371
2366
1368
1372
2367
1369
1373
2368
1374
2369
1371
1375
2370
1372
1376
2371
1373
1377
2372
1374
1378
2373
1379
2374
1376
1380
2375
1377
1381
2376
1378
1382
2377
1379
1383
2378
1384
2379
1381
1385
2380
1382
1386
2381
1383
1387
2382
1384
1388
2383
1389
2384
1386
1390
2385
1387
1391
2386
1388
1392
2387
1389
1393
2388
1394
2389
1391
1395
2390
1392
1396
2391
1393
1397
2392
1394
1398
2393
1399
2394
1396
1400
2395
1397
1401
2396
1398
1402
2397
1399
1403
2398
1404
2399
1401
1405
2400
1402
1406
2401
1403
1407
2402
1404
1408
2403
1409
2404
1406
1410
2405
1407
1411
2406
1408
1412
2407
1409
1413
2408
1414
2409
1411
1415
2410
1412
1416
2411
1413
1417
2412
1414
1418
2413
1419
2414
1416
1420
2415
1417
1421
2416
1418
1422
2417
1419
1423
2418
1424
2419
1421
1425
2420
1422
1426
2421
1423
1427
2422
1424
1428
2423
1429
2424
1426
1430
2425
1427
1431
2426
1428
1432
2427
1429
1433
2428
1434
2429
1431
1435
2430
1432
1436
2431
1433
1437
2432
1434
1438
2433
1439
2434
1436
1440
2435
1437
1441
2436
1438
1442
2437
1439
1443
2438
1444
2439
1441
1445
2440
1442
1446
2441
1443
1447
2442
1444
1448
2443
1449
2444
1446
1450
2445
1447
1451
2446
1448
1452
2447
1449
1453
2448
1454
2449
1451
1455
2450
1452
1456
2451
1453
1457
2452
1454
1458
2453
1459
2454
1456
1460
2455
1457
1461
2456
1458
1462
2457
1459
1463
2458
1464
2459
1461
1465
2460
1462
1466
2461
1463
1467
2462
1464
1468
2463
1469
2464
1466
1470
2465
1467
1471
2466
1468
1472
2467
1469
1473
2468
1474
2469
1471
1475
2470
1472
1476
2471
1473
1477
2472
1474
1478
2473
1479
2474
1476
1480
2475
1477
1481
2476
1478
1482
2477
1479
1483
2478
1484
2479
1481
1485
2480
1482
1486
2481
1483
1487
2482
1484
1488
2483
1489
2484
1486
1490
2485
1487
1491
2486
1488
1492
2487
1489
1493
2488
1494
2489
1491
1495
2490
1492
1496
2491
1493
1497
2492
1494
1498
2493
1499
2494
1496
1500
2495
1497
1501
2496
1498
1502
2497
1499
1503
2498
1504
2499
1501
1505
2500
1502
1506
2501
1503
1507
2502
1504
1508
2503
1509
2504
1506
1510
2505
1507
1511
2506
1508
1512
2507
1509
1513
2508
1514
2509
1511
1515
2510
1512
1516
2511
1513
1517
2512
1514
1518
2513
1519
2514
1516
1520
2515
1517
1521
2516
1518
1522
2517
1519
1523
2518
1524
2519
1521
1525
2520
1522
1526
2521
1523
1527
2522
1524
1528
2523
1529
2524
1526
1530
2525
1527
1531
2526
1528
1532
2527
1529
1533
2528
1534
2529
1531
1535
2530
1532
1536
2531
1533
1537
2532
1534
1538
2533
1539
2534
1536
1540
2535
1537
1541
2536
1538
1542
2537
1539
1543
2538
1544
2539
1541
1545
2540
1542
1546
2541
1543
1547
2542
1544
1548
2543
1549
2544
1546
1550
2545
1547
1551
2546
1548
1552
2547
1549
1553
2548
1554
2549
1551
1555
2550
1552
1556
2551
1553
1557
2552
1554
1558
2553
1559
2554
1556
1560
2555
1557
1561
2556
1558
1562
2557
1559
1563
2558
1564
2559
1561
1565
2560
1562
1566
2561
1563
1567
2562
1564
1568
2563
1569
2564
1566
1570
2565
1567
1571
2566
1568
1572
2567
1569
1573
2568
1574
2569
1571
1575
2570
1572
1576
2571
1573
1577
2572
1574
1578
2573
1579
2574
1576
1580
2575
1577
1581
2576
1578
1582
2577
1579
1583
2578
1584
2579
1581
1585
2580
1582
1586
2581
1583
1587
2582
1584
1588
2583
1589
2584
1586
1590
2585
1587
1591
2586
1588
1592
2587
1589
1593
2588
1594
2589
1591
1595
2590
1592
1596
2591
1593
1597
2592
1594
1598
2593
1599
2594
1596
1600
2595
1597
1601
2596
1598
1602
2597
1599
1603
2598
1604
2599
1601
1605
2600
1602
1606
2601
1603
1607
2602
1604
1608
2603
1609
2604
1606
1610
2605
1607
1611
2606
1608
1612
2607
1609
1613
2608
1614
2609
1611
1615
2610
1612
1616
2611
1613
1617
2612
1614
1618
2613
1619
2614
1616
1620
2615
1617
1621
2616
1618
1622
2617
1619
1623
2618
1624
2619
1621
1625
2620
1622
1626
2621
1623
1627
2622
1624
1628
2623
1629
2624
1626
1630
2625
1627
1631
2626
1628
1632
2627
1629
1633
2628
1634
2629
1631
1635
2630
1632
1636
2631
1633
1637
2632
1634
1638
2633
1639
2634
1636
1640
2635
1637
1641
2636
1638
1642
2637
1639
1643
2638
1644
2639
1641
1645
2640
1642
1646
2641
1643
1647
2642
1644
1648
2643
1649
2644
1646
1650
2645
1647
1651
2646
1648
1652
2647
1649
1653
2648
1654
2649
1651
1655
2650
1652
1656
2651
1653
1657
2652
1654
1658
2653
1659
2654
1656
1660
2655
1657
1661
2656
1658
1662
2657
1659
1663
2658
1664
2659
1661
1665
2660
1662
1666
2661
1663
1667
2662
1664
1668
2663
1669
2664
1666
1670
2665
1667
1671
2666
1668
1672
2667
1669
1673
2668
1674
2669
1671
1675
2670
1672
1676
2671
1673
1677
2672
1674
1678
2673
1679
2674
1676
1680
2675
1677
1681
2676
1678
1682
2677
1679
1683
2678
1684
2679
1681
1685
2680
1682
1686
2681
1683
1687
2682
1684
1688
2683
1689
2684
1686
1690
2685
1687
1691
2686
1688
1692
2687
1689
1693
2688
1694
2689
1691
1695
2690
1692
1696
2691
1693
1697
2692
1694
1698
2693
1699
2694
1696
1700
2695
1697
1701
2696
1698
1702
2697
1699
1703
2698
1704
2699
1701
1705
2700
1702
1706
2701
1703
1707
2702
1704
1708
2703
1709
2704
1706
1710
2705
1707
1711
2706
1708
1712
2707
1709
1713
2708
1714
2709
1711
1715
2710
1712
1716
2711
1713
1717
2712
1714
1718
2713
1719
2714
1716
1720
2715
1717
1721
2716
1718
1722
2717
1719
1723
2718
1724
2719
1721
1725
2720
1722
1726
2721
1723
1727
2722
1724
1728
2723
1729
2724
1726
1730
2725
1727
1731
2726
1728
1732
2727
1729
1733
2728
1734
2729
1731
1735
2730
1732
1736
2731
1733
1737
2732
1734
1738
2733
1739
2734
1736
1740
2735
1737
1741
2736
1738
1742
2737
1739
1743
2738
1744
2739
1741
1745
2740
1742
1746
2741
1743
1747
2742
1744
1748
2743
1749
2744
1746
1750
2745
1747
1751
2746
1748
1752
2747
1749
1753
2748
1754
2749
1751
1755
2750
1752
1756
2751
1753
1757
2752
1754
1758
2753
1759
2754
1756
1760
2755
1757
1761
2756
1758
1762
2757
1759
1763
2758
1764
2759
1761
1765
2760
1762
1766
2761
1763
1767
2762
1764
1768
2763
1769
2764
1766
1770
2765
1767
1771
2766
1768
1772
2767
1769
1773
2768
1774
2769
1771
1775
2770
1772
1776
2771
1773
1777
2772
1774
1778
2773
1779
2774
1776
1780
2775
1777
1781
2776
1778
1782
2777
1779
1783
2778
1784
2779
1781
1785
2780
1782
1786
2781
1783
1787
2782
1784
1788
2783
1789
2784
1786
1790
2785
1787
1791
2786
1788
1792
2787
1789
1793
2788
1794
2789
1791
1795
2790
1792
1796
2791
1793
1797
2792
1794
1798
2793
1799
2794
1796
1800
2795
1797
1801
2796
1798
1802
2797
1799
1803
2798
1804
2799
1801
1805
2800
1802
1806
2801
1803
1807
2802
1804
1808
2803
1809
2804
1806
1810
2805
1807
1811
2806
1808
1812
2807
1809
1813
2808
1814
2809
1811
1815
2810
1812
1816
2811
1813
1817
2812
1814
1818
2813
1819
2814
1816
1820
2815
1817
1821
2816
1818
1822
2817
1819
1823
2818
1824
2819
1821
1825
2820
1822
1826
2821
1823
1827
2822
1824
1828
2823
1829
2824
1826
1830
2825
1827
1831
2826
1828
1832
2827
1829
1833
2828
1834
2829
1831
1835
2830
1832
1836
2831
1833
1837
2832
1834
1838
2833
1839
2834
1836
1840
2835
1837
1841
2836
1838
1842
2837
1839
1843
2838
1844
2839
1841
1845
2840
1842
1846
2841
1843
1847
2842
1844
1848
2843
1849
2844
1846
1850
2845
1847
1851
2846
1848
1852
2847
1849
1853
2848
1854
2849
1851
1855
2850
1852
1856
2851
1853
1857
2852
1854
1858
2853
1859
2854
1856
1860
2855
1857
1861
2856
1858
1862
2857
1859
1863
2858
1864
2859
1861
1865
2860
1862
1866
2861
1863
1867
2862
1864
1868
2863
1869
2864
1866
1870
2865
1867
1871
2866
1868
1872
2867
1869
1873
2868
1874
2869
1871
1875
2870
1872
1876
2871
1873
1877
2872
1874
1878
2873
1879
2874
1876
1880
2875
1877
1881
2876
1878
1882
2877
1879
1883
2878
1884
2879
1881
1885
2880
1882
1886
2881
1883
1887
2882
1884
1888
2883
1889
2884
1886
1890
2885
1887
1891
2886
1888
1892
2887
1889
1893
2888
1894
2889
1891
1895
2890
1892
1896
2891
1893
1897
2892
1894
1898
2893
1899
2894
1896
1900
2895
1897
1901
2896
1898
1902
2897
1899
1903
2898
1904
2899
1901
1905
2900
1902
1906
2901
1903
1907
2902
1904
1908
2903
1909
2904
1906
1910
2905
1907
1911
2906
1908
1912
2907
1909
1913
2908
1914
2909
1911
1915
2910
1912
1916
2911
1913
1917
2912
1914
1918
2913
1919
2914
1916
1920
2915
1917
1921
2916
1918
1922
2917
1919
1923
2918
1924
2919
1921
1925
2920
1922
1926
2921
1923
1927
2922
1924
1928
2923
1929
2924
1926
1930
2925
1927
1931
2926
1928
1932
2927
1929
1933
2928
1934
2929
1931
1935
2930
1932
1936
2931
1933
1937
2932
1934
1938
2933
1939
2934
1936
1940
2935
1937
1941
2936
1938
1942
2937
1939
1943
2938
1944
2939
1941
1945
2940
1942
1946
2941
1943
1947
2942
1944
1948
2943
1949
2944
1946
1950
2945
1947
1951
2946
1948
1952
2947
1949
1953
2948
1954
2949
1951
1955
2950
1952
1956
2951
1953
1957
2952
1954
1958
2953
1959
2954
1956
1960
2955
1957
1961
2956
1958
1962
2957
1959
1963
2958
1964
2959
1961
1965
2960
1962
1966
2961
1963
1967
2962
1964
1968
2963
1969
2964
1966
1970
2965
1967
1971
2966
1968
1972
2967
1969
1973
2968
1974
2969
1971
1975
2970
1972
1976
2971
1973
1977
2972
1974
1978
2973
1979
2974
1976
1980
2975
1977
1981
2976
1978
1982
2977
1979
1983
2978
1984
2979
1981
1985
2980
1982
1986
2981
1983
1987
2982
1984
1988
2983
1989
2984
1986
1990
2985
1987
1991
2986
1988
1992
2987
1989
1993
2988
1994
2989
1991
1995
2990
1992
1996
2991
1993
1997
2992
1994
1998
2993
1999
2994
1996
2995
1997
2996
1998
2997
1999
2998
2999
2001
2005
3000
2002
2006
3001
2003
2007
3002
2004
2008
3003
2009
3004
2006
2010
3005
2007
2011
3006
2008
2012
3007
2009
2013
3008
2014
3009
2011
2015
3010
2012
2016
3011
2013
2017
3012
2014
2018
3013
2019
3014
2016
2020
3015
2017
2021
3016
2018
2022
3017
2019
2023
3018
2024
3019
2021
2025
3020
2022
2026
3021
2023
2027
3022
2024
2028
3023
2029
3024
2026
2030
3025
2027
2031
3026
2028
2032
3027
2029
2033
3028
2034
3029
2031
2035
3030
2032
2036
3031
2033
2037
3032
2034
2038
3033
2039
3034
2036
2040
3035
2037
2041
3036
2038
2042
3037
2039
2043
3038
2044
3039
2041
2045
3040
2042
2046
3041
2043
2047
3042
2044
2048
3043
2049
3044
2046
2050
3045
2047
2051
3046
2048
2052
3047
2049
2053
3048
2054
3049
2051
2055
3050
2052
2056
3051
2053
2057
3052
2054
2058
3053
2059
3054
2056
2060
3055
2057
2061
3056
2058
2062
3057
2059
2063
3058
2064
3059
2061
2065
3060
2062
2066
3061
2063
2067
3062
2064
2068
3063
2069
3064
2066
2070
3065
2067
2071
3066
2068
2072
3067
2069
2073
3068
2074
3069
2071
2075
3070
2072
2076
3071
2073
2077
3072
2074
2078
3073
2079
3074
2076
2080
3075
2077
2081
3076
2078
2082
3077
2079
2083
3078
2084
3079
2081
2085
3080
2082
2086
3081
2083
2087
3082
2084
2088
3083
2089
3084
2086
2090
3085
2087
2091
3086
2088
2092
3087
2089
2093
3088
2094
3089
2091
2095
3090
2092
2096
3091
2093
2097
3092
2094
2098
3093
2099
3094
2096
2100
3095
2097
2101
3096
2098
2102
3097
2099
2103
3098
2104
3099
2101
2105
3100
2102
2106
3101
2103
2107
3102
2104
2108
3103
2109
3104
2106
2110
3105
2107
2111
3106
2108
2112
3107
2109
2113
3108
2114
3109
2111
2115
3110
2112
2116
3111
2113
2117
3112
2114
2118
3113
2119
3114
2116
2120
3115
2117
2121
3116
2118
2122
3117
2119
2123
3118
2124
3119
2121
2125
3120
2122
2126
3121
2123
2127
3122
2124
2128
3123
2129
3124
2126
2130
3125
2127
2131
3126
2128
2132
3127
2129
2133
3128
2134
3129
2131
2135
3130
2132
2136
3131
2133
2137
3132
2134
2138
3133
2139
3134
2136
2140
3135
2137
2141
3136
2138
2142
3137
2139
2143
3138
2144
3139
2141
2145
3140
2142
2146
3141
2143
2147
3142
2144
2148
3143
2149
3144
2146
2150
3145
2147
2151
3146
2148
2152
3147
2149
2153
3148
2154
3149
2151
2155
3150
2152
2156
3151
2153
2157
3152
2154
2158
3153
2159
3154
2156
2160
3155
2157
2161
3156
2158
2162
3157
2159
2163
3158
2164
3159
2161
2165
3160
2162
2166
3161
2163
2167
3162
2164
2168
3163
2169
3164
2166
2170
3165
2167
2171
3166
2168
2172
3167
2169
2173
3168
2174
3169
2171
2175
3170
2172
2176
3171
2173
2177
3172
2174
2178
3173
2179
3174
2176
2180
3175
2177
2181
3176
2178
2182
3177
2179
2183
3178
2184
3179
2181
2185
3180
2182
2186
3181
2183
2187
3182
2184
2188
3183
2189
3184
2186
2190
3185
2187
2191
3186
2188
2192
3187
2189
2193
3188
2194
3189
2191
2195
3190
2192
2196
3191
2193
2197
3192
2194
2198
3193
2199
3194
2196
2200
3195
2197
2201
3196
2198
2202
3197
2199
2203
3198
2204
3199
2201
2205
3200
2202
2206
3201
2203
2207
3202
2204
2208
3203
2209
3204
2206
2210
3205
2207
2211
3206
2208
2212
3207
2209
2213
3208
2214
3209
2211
2215
3210
2212
2216
3211
2213
2217
3212
2214
2218
3213
2219
3214
2216
2220
3215
2217
2221
3216
2218
2222
3217
2219
2223
3218
2224
3219
2221
2225
3220
2222
2226
3221
2223
2227
3222
2224
2228
3223
2229
3224
2226
2230
3225
2227
2231
3226
2228
2232
3227
2229
2233
3228
2234
3229
2231
2235
3230
2232
2236
3231
2233
2237
3232
2234
2238
3233
2239
3234
2236
2240
3235
2237
2241
3236
2238
2242
3237
2239
2243
3238
2244
3239
2241
2245
3240
2242
2246
3241
2243
2247
3242
2244
2248
3243
2249
3244
2246
2250
3245
2247
2251
3246
2248
2252
3247
2249
2253
3248
2254
3249
2251
2255
3250
2252
2256
3251
2253
2257
3252
2254
2258
3253
2259
3254
2256
2260
3255
2257
2261
3256
2258
2262
3257
2259
2263
3258
2264
3259
2261
2265
3260
2262
2266
3261
2263
2267
3262
2264
2268
3263
2269
3264
2266
2270
3265
2267
2271
3266
2268
2272
3267
2269
2273
3268
2274
3269
2271
2275
3270
2272
2276
3271
2273
2277
3272
2274
2278
3273
2279
3274
2276
2280
3275
2277
2281
3276
2278
2282
3277
2279
2283
3278
2284
3279
2281
2285
3280
2282
2286
3281
2283
2287
3282
2284
2288
3283
2289
3284
2286
2290
3285
2287
2291
3286
2288
2292
3287
2289
2293
3288
2294
3289
2291
2295
3290
2292
2296
3291
2293
2297
3292
2294
2298
3293
2299
3294
2296
2300
3295
2297
2301
3296
2298
2302
3297
2299
2303
3298
2304
3299
2301
2305
3300
2302
2306
3301
2303
2307
3302
2304
2308
3303
2309
3304
2306
2310
3305
2307
2311
3306
2308
2312
3307
2309
2313
3308
2314
3309
2311
2315
3310
2312
2316
3311
2313
2317
3312
2314
2318
3313
2319
3314
2316
2320
3315
2317
2321
3316
2318
2322
3317
2319
2323
3318
2324
3319
2321
2325
3320
2322
2326
3321
2323
2327
3322
2324
2328
3323
2329
3324
2326
2330
3325
2327
2331
3326
2328
2332
3327
2329
2333
3328
2334
3329
2331
2335
3330
2332
2336
3331
2333
2337
3332
2334
2338
3333
2339
3334
2336
2340
3335
2337
2341
3336
2338
2342
3337
2339
2343
3338
2344
3339
2341
2345
3340
2342
2346
3341
2343
2347
3342
2344
2348
3343
2349
3344
2346
2350
3345
2347
2351
3346
2348
2352
3347
2349
2353
3348
2354
3349
2351
2355
3350
2352
2356
3351
2353
2357
3352
2354
2358
3353
2359
3354
2356
2360
3355
2357
2361
3356
2358
2362
3357
2359
2363
3358
2364
3359
2361
2365
3360
2362
2366
3361
2363
2367
3362
2364
2368
3363
2369
3364
2366
2370
3365
2367
2371
3366
2368
2372
3367
2369
2373
3368
2374
3369
2371
2375
3370
2372
2376
3371
2373
2377
3372
2374
2378
3373
2379
3374
2376
2380
3375
2377
2381
3376
2378
2382
3377
2379
2383
3378
2384
3379
2381
2385
3380
2382
2386
3381
2383
2387
3382
2384
2388
3383
2389
3384
2386
2390
3385
2387
2391
3386
2388
2392
3387
2389
2393
3388
2394
3389
2391
2395
3390
2392
2396
3391
2393
2397
3392
2394
2398
3393
2399
3394
2396
2400
3395
2397
2401
3396
2398
2402
3397
2399
2403
3398
2404
3399
2401
2405
3400
2402
2406
3401
2403
2407
3402
2404
2408
3403
2409
3404
2406
2410
3405
2407
2411
3406
2408
2412
3407
2409
2413
3408
2414
3409
2411
2415
3410
2412
2416
3411
2413
2417
3412
2414
2418
3413
2419
3414
2416
2420
3415
2417
2421
3416
2418
2422
3417
2419
2423
3418
2424
3419
2421
2425
3420
2422
2426
3421
2423
2427
3422
2424
2428
3423
2429
3424
2426
2430
3425
2427
2431
3426
2428
2432
3427
2429
2433
3428
2434
3429
2431
2435
3430
2432
2436
3431
2433
2437
3432
2434
2438
3433
2439
3434
2436
2440
3435
2437
2441
3436
2438
2442
3437
2439
2443
3438
2444
3439
2441
2445
3440
2442
2446
3441
2443
2447
3442
2444
2448
3443
2449
3444
2446
2450
3445
2447
2451
3446
2448
2452
3447
2449
2453
3448
2454
3449
2451
2455
3450
2452
2456
3451
2453
2457
3452
2454
2458
3453
2459
3454
2456
2460
3455
2457
2461
3456
2458
2462
3457
2459
2463
3458
2464
3459
2461
2465
3460
2462
2466
3461
2463
2467
3462
2464
2468
3463
2469
3464
2466
2470
3465
2467
2471
3466
2468
2472
3467
2469
2473
3468
2474
3469
2471
2475
3470
2472
2476
3471
2473
2477
3472
2474
2478
3473
2479
3474
2476
2480
3475
2477
2481
3476
2478
2482
3477
2479
2483
3478
2484
3479
2481
2485
3480
2482
2486
3481
2483
2487
3482
2484
2488
3483
2489
3484
2486
2490
3485
2487
2491
3486
2488
2492
3487
2489
2493
3488
2494
3489
2491
2495
3490
2492
2496
3491
2493
2497
3492
2494
2498
3493
2499
3494
2496
2500
3495
2497
2501
3496
2498
2502
3497
2499
2503
3498
2504
3499
2501
2505
3500
2502
2506
3501
2503
2507
3502
2504
2508
3503
2509
3504
2506
2510
3505
2507
2511
3506
2508
2512
3507
2509
2513
3508
2514
3509
2511
2515
3510
2512
2516
3511
2513
2517
3512
2514
2518
3513
2519
3514
2516
2520
3515
2517
2521
3516
2518
2522
3517
2519
2523
3518
2524
3519
2521
2525
3520
2522
2526
3521
2523
2527
3522
2524
2528
3523
2529
3524
2526
2530
3525
2527
2531
3526
2528
2532
3527
2529
2533
3528
2534
3529
2531
2535
3530
2532
2536
3531
2533
2537
3532
2534
2538
3533
2539
3534
2536
2540
3535
2537
2541
3536
2538
2542
3537
2539
2543
3538
2544
3539
2541
2545
3540
2542
2546
3541
2543
2547
3542
2544
2548
3543
2549
3544
2546
2550
3545
2547
2551
3546
2548
2552
3547
2549
2553
3548
2554
3549
2551
2555
3550
2552
2556
3551
2553
2557
3552
2554
2558
3553
2559
3554
2556
2560
3555
2557
2561
3556
2558
2562
3557
2559
2563
3558
2564
3559
2561
2565
3560
2562
2566
3561
2563
2567
3562
2564
2568
3563
2569
3564
2566
2570
3565
2567
2571
3566
2568
2572
3567
2569
2573
3568
2574
3569
2571
2575
3570
2572
2576
3571
2573
2577
3572
2574
2578
3573
2579
3574
2576
2580
3575
2577
2581
3576
2578
2582
3577
2579
2583
3578
2584
3579
2581
2585
3580
2582
2586
3581
2583
2587
3582
2584
2588
3583
2589
3584
2586
2590
3585
2587
2591
3586
2588
2592
3587
2589
2593
3588
2594
3589
2591
2595
3590
2592
2596
3591
2593
2597
3592
2594
2598
3593
2599
3594
2596
2600
3595
2597
2601
3596
2598
2602
3597
2599
2603
3598
2604
3599
2601
2605
3600
2602
2606
3601
2603
2607
3602
2604
2608
3603
2609
3604
2606
2610
3605
2607
2611
3606
2608
2612
3607
2609
2613
3608
2614
3609
2611
2615
3610
2612
2616
3611
2613
2617
3612
2614
2618
3613
2619
3614
2616
2620
3615
2617
2621
3616
2618
2622
3617
2619
2623
3618
2624
3619
2621
2625
3620
2622
2626
3621
2623
2627
3622
2624
2628
3623
2629
3624
2626
2630
3625
2627
2631
3626
2628
2632
3627
2629
2633
3628
2634
3629
2631
2635
3630
2632
2636
3631
2633
2637
3632
2634
2638
3633
2639
3634
2636
2640
3635
2637
2641
3636
2638
2642
3637
2639
2643
3638
2644
3639
2641
2645
3640
2642
2646
3641
2643
2647
3642
2644
2648
3643
2649
3644
2646
2650
3645
2647
2651
3646
2648
2652
3647
2649
2653
3648
2654
3649
2651
2655
3650
2652
2656
3651
2653
2657
3652
2654
2658
3653
2659
3654
2656
2660
3655
2657
2661
3656
2658
2662
3657
2659
2663
3658
2664
3659
2661
2665
3660
2662
2666
3661
2663
2667
3662
2664
2668
3663
2669
3664
2666
2670
3665
2667
2671
3666
2668
2672
3667
2669
2673
3668
2674
3669
2671
2675
3670
2672
2676
3671
2673
2677
3672
2674
2678
3673
2679
3674
2676
2680
3675
2677
2681
3676
2678
2682
3677
2679
2683
3678
2684
3679
2681
2685
3680
2682
2686
3681
2683
2687
3682
2684
2688
3683
2689
3684
2686
2690
3685
2687
2691
3686
2688
2692
3687
2689
2693
3688
2694
3689
2691
2695
3690
2692
2696
3691
2693
2697
3692
2694
2698
3693
2699
3694
2696
2700
3695
2697
2701
3696
2698
2702
3697
2699
2703
3698
2704
3699
2701
2705
3700
2702
2706
3701
2703
2707
3702
2704
2708
3703
2709
3704
2706
2710
3705
2707
2711
3706
2708
2712
3707
2709
2713
3708
2714
3709
2711
2715
3710
2712
2716
3711
2713
2717
3712
2714
2718
3713
2719
3714
2716
2720
3715
2717
2721
3716
2718
2722
3717
2719
2723
3718
2724
3719
2721
2725
3720
2722
2726
3721
2723
2727
3722
2724
2728
3723
2729
3724
2726
2730
3725
2727
2731
3726
2728
2732
3727
2729
2733
3728
2734
3729
2731
2735
3730
2732
2736
3731
2733
2737
3732
2734
2738
3733
2739
3734
2736
2740
3735
2737
2741
3736
2738
2742
3737
2739
2743
3738
2744
3739
2741
2745
3740
2742
2746
3741
2743
2747
3742
2744
2748
3743
2749
3744
2746
2750
3745
2747
2751
3746
2748
2752
3747
2749
2753
3748
2754
3749
2751
2755
3750
2752
2756
3751
2753
2757
3752
2754
2758
3753
2759
3754
2756
2760
3755
2757
2761
3756
2758
2762
3757
2759
2763
3758
2764
3759
2761
2765
3760
2762
2766
3761
2763
2767
3762
2764
2768
3763
2769
3764
2766
2770
3765
2767
2771
3766
2768
2772
3767
2769
2773
3768
2774
3769
2771
2775
3770
2772
2776
3771
2773
2777
3772
2774
2778
3773
2779
3774
2776
2780
3775
2777
2781
3776
2778
2782
3777
2779
2783
3778
2784
3779
2781
2785
3780
2782
2786
3781
2783
2787
3782
2784
2788
3783
2789
3784
2786
2790
3785
2787
2791
3786
2788
2792
3787
2789
2793
3788
2794
3789
2791
2795
3790
2792
2796
3791
2793
2797
3792
2794
2798
3793
2799
3794
2796
2800
3795
2797
2801
3796
2798
2802
3797
2799
2803
3798
2804
3799
2801
2805
3800
2802
2806
3801
2803
2807
3802
2804
2808
3803
2809
3804
2806
2810
3805
2807
2811
3806
2808
2812
3807
2809
2813
3808
2814
3809
2811
2815
3810
2812
2816
3811
2813
2817
3812
2814
2818
3813
2819
3814
2816
2820
3815
2817
2821
3816
2818
2822
3817
2819
2823
3818
2824
3819
2821
2825
3820
2822
2826
3821
2823
2827
3822
2824
2828
3823
2829
3824
2826
2830
3825
2827
2831
3826
2828
2832
3827
2829
2833
3828
2834
3829
2831
2835
3830
2832
2836
3831
2833
2837
3832
2834
2838
3833
2839
3834
2836
2840
3835
2837
2841
3836
2838
2842
3837
2839
2843
3838
2844
3839
2841
2845
3840
2842
2846
3841
2843
2847
3842
2844
2848
3843
2849
3844
2846
2850
3845
2847
2851
3846
2848
2852
3847
2849
2853
3848
2854
3849
2851
2855
3850
2852
2856
3851
2853
2857
3852
2854
2858
3853
2859
3854
2856
2860
3855
2857
2861
3856
2858
2862
3857
2859
2863
3858
2864
3859
2861
2865
3860
2862
2866
3861
2863
2867
3862
2864
2868
3863
2869
3864
2866
2870
3865
2867
2871
3866
2868
2872
3867
2869
2873
3868
2874
3869
2871
2875
3870
2872
2876
3871
2873
2877
3872
2874
2878
3873
2879
3874
2876
2880
3875
2877
2881
3876
2878
2882
3877
2879
2883
3878
2884
3879
2881
2885
3880
2882
2886
3881
2883
2887
3882
2884
2888
3883
2889
3884
2886
2890
3885
2887
2891
3886
2888
2892
3887
2889
2893
3888
2894
3889
2891
2895
3890
2892
2896
3891
2893
2897
3892
2894
2898
3893
2899
3894
2896
2900
3895
2897
2901
3896
2898
2902
3897
2899
2903
3898
2904
3899
2901
2905
3900
2902
2906
3901
2903
2907
3902
2904
2908
3903
2909
3904
2906
2910
3905
2907
2911
3906
2908
2912
3907
2909
2913
3908
2914
3909
2911
2915
3910
2912
2916
3911
2913
2917
3912
2914
2918
3913
2919
3914
2916
2920
3915
2917
2921
3916
2918
2922
3917
2919
2923
3918
2924
3919
2921
2925
3920
2922
2926
3921
2923
2927
3922
2924
2928
3923
2929
3924
2926
2930
3925
2927
2931
3926
2928
2932
3927
2929
2933
3928
2934
3929
2931
2935
3930
2932
2936
3931
2933
2937
3932
2934
2938
3933
2939
3934
2936
2940
3935
2937
2941
3936
2938
2942
3937
2939
2943
3938
2944
3939
2941
2945
3940
2942
2946
3941
2943
2947
3942
2944
2948
3943
2949
3944
2946
2950
3945
2947
2951
3946
2948
2952
3947
2949
2953
3948
2954
3949
2951
2955
3950
2952
2956
3951
2953
2957
3952
2954
2958
3953
2959
3954
2956
2960
3955
2957
2961
3956
2958
2962
3957
2959
2963
3958
2964
3959
2961
2965
3960
2962
2966
3961
2963
2967
3962
2964
2968
3963
2969
3964
2966
2970
3965
2967
2971
3966
2968
2972
3967
2969
2973
3968
2974
3969
2971
2975
3970
2972
2976
3971
2973
2977
3972
2974
2978
3973
2979
3974
2976
2980
3975
2977
2981
3976
2978
2982
3977
2979
2983
3978
2984
3979
2981
2985
3980
2982
2986
3981
2983
2987
3982
2984
2988
3983
2989
3984
2986
2990
3985
2987
2991
3986
2988
2992
3987
2989
2993
3988
2994
3989
2991
2995
3990
2992
2996
3991
2993
2997
3992
2994
2998
3993
2999
3994
2996
3995
2997
3996
2998
3997
2999
3998
3999
3001
3005
4000
3002
3006
4001
3003
3007
4002
3004
3008
4003
3009
4004
3006
3010
4005
3007
3011
4006
3008
3012
4007
3009
3013
4008
3014
4009
3011
3015
4010
3012
3016
4011
3013
3017
4012
3014
3018
4013
3019
4014
3016
3020
4015
3017
3021
4016
3018
3022
4017
3019
3023
4018
3024
4019
3021
3025
4020
3022
3026
4021
3023
3027
4022
3024
3028
4023
3029
4024
3026
3030
4025
3027
3031
4026
3028
3032
4027
3029
3033
4028
3034
4029
3031
3035
4030
3032
3036
4031
3033
3037
4032
3034
3038
4033
3039
4034
3036
3040
4035
3037
3041
4036
3038
3042
4037
3039
3043
4038
3044
4039
3041
3045
4040
3042
3046
4041
3043
3047
4042
3044
3048
4043
3049
4044
3046
3050
4045
3047
3051
4046
3048
3052
4047
3049
3053
4048
3054
4049
3051
3055
4050
3052
3056
4051
3053
3057
4052
3054
3058
4053
3059
4054
3056
3060
4055
3057
3061
4056
3058
3062
4057
3059
3063
4058
3064
4059
3061
3065
4060
3062
3066
4061
3063
3067
4062
3064
3068
4063
3069
4064
3066
3070
4065
3067
3071
4066
3068
3072
4067
3069
3073
4068
3074
4069
3071
3075
4070
3072
3076
4071
3073
3077
4072
3074
3078
4073
3079
4074
3076
3080
4075
3077
3081
4076
3078
3082
4077
3079
3083
4078
3084
4079
3081
3085
4080
3082
3086
4081
3083
3087
4082
3084
3088
4083
3089
4084
3086
3090
4085
3087
3091
4086
3088
3092
4087
3089
3093
4088
3094
4089
3091
3095
4090
3092
3096
4091
3093
3097
4092
3094
3098
4093
3099
4094
3096
3100
4095
3097
3101
4096
3098
3102
4097
3099
3103
4098
3104
4099
3101
3105
4100
3102
3106
4101
3103
3107
4102
3104
3108
4103
3109
4104
3106
3110
4105
3107
3111
4106
3108
3112
4107
3109
3113
4108
3114
4109
3111
3115
4110
3112
3116
4111
3113
3117
4112
3114
3118
4113
3119
4114
3116
3120
4115
3117
3121
4116
3118
3122
4117
3119
3123
4118
3124
4119
3121
3125
4120
3122
3126
4121
3123
3127
4122
3124
3128
4123
3129
4124
3126
3130
4125
3127
3131
4126
3128
3132
4127
3129
3133
4128
3134
4129
3131
3135
4130
3132
3136
4131
3133
3137
4132
3134
3138
4133
3139
4134
3136
3140
4135
3137
3141
4136
3138
3142
4137
3139
3143
4138
3144
4139
3141
3145
4140
3142
3146
4141
3143
3147
4142
3144
3148
4143
3149
4144
3146
3150
4145
3147
3151
4146
3148
3152
4147
3149
3153
4148
3154
4149
3151
3155
4150
3152
3156
4151
3153
3157
4152
3154
3158
4153
3159
4154
3156
3160
4155
3157
3161
4156
3158
3162
4157
3159
3163
4158
3164
4159
3161
3165
4160
3162
3166
4161
3163
3167
4162
3164
3168
4163
3169
4164
3166
3170
4165
3167
3171
4166
3168
3172
4167
3169
3173
4168
3174
4169
3171
3175
4170
3172
3176
4171
3173
3177
4172
3174
3178
4173
3179
4174
3176
3180
4175
3177
3181
4176
3178
3182
4177
3179
3183
4178
3184
4179
3181
3185
4180
3182
3186
4181
3183
3187
4182
3184
3188
4183
3189
4184
3186
3190
4185
3187
3191
4186
3188
3192
4187
3189
3193
4188
3194
4189
3191
3195
4190
3192
3196
4191
3193
3197
4192
3194
3198
4193
3199
4194
3196
3200
4195
3197
3201
4196
3198
3202
4197
3199
3203
4198
3204
4199
3201
3205
4200
3202
3206
4201
3203
3207
4202
3204
3208
4203
3209
4204
3206
3210
4205
3207
3211
4206
3208
3212
4207
3209
3213
4208
3214
4209
3211
3215
4210
3212
3216
4211
3213
3217
4212
3214
3218
4213
3219
4214
3216
3220
4215
3217
3221
4216
3218
3222
4217
3219
3223
4218
3224
4219
3221
3225
4220
3222
3226
4221
3223
3227
4222
3224
3228
4223
3229
4224
3226
3230
4225
3227
3231
4226
3228
3232
4227
3229
3233
4228
3234
4229
3231
3235
4230
3232
3236
4231
3233
3237
4232
3234
3238
4233
3239
4234
3236
3240
4235
3237
3241
4236
3238
3242
4237
3239
3243
4238
3244
4239
3241
3245
4240
3242
3246
4241
3243
3247
4242
3244
3248
4243
3249
4244
3246
3250
4245
3247
3251
4246
3248
3252
4247
3249
3253
4248
3254
4249
3251
3255
4250
3252
3256
4251
3253
3257
4252
3254
3258
4253
3259
4254
3256
3260
4255
3257
3261
4256
3258
3262
4257
3259
3263
4258
3264
4259
3261
3265
4260
3262
3266
4261
3263
3267
4262
3264
3268
4263
3269
4264
3266
3270
4265
3267
3271
4266
3268
3272
4267
3269
3273
4268
3274
4269
3271
3275
4270
3272
3276
4271
3273
3277
4272
3274
3278
4273
3279
4274
3276
3280
4275
3277
3281
4276
3278
3282
4277
3279
3283
4278
3284
4279
3281
3285
4280
3282
3286
4281
3283
3287
4282
3284
3288
4283
3289
4284
3286
3290
4285
3287
3291
4286
3288
3292
4287
3289
3293
4288
3294
4289
3291
3295
4290
3292
3296
4291
3293
3297
4292
3294
3298
4293
3299
4294
3296
3300
4295
3297
3301
4296
3298
3302
4297
3299
3303
4298
3304
4299
3301
3305
4300
3302
3306
4301
3303
3307
4302
3304
3308
4303
3309
4304
3306
3310
4305
3307
3311
4306
3308
3312
4307
3309
3313
4308
3314
4309
3311
3315
4310
3312
3316
4311
3313
3317
4312
3314
3318
4313
3319
4314
3316
3320
4315
3317
3321
4316
3318
3322
4317
3319
3323
4318
3324
4319
3321
3325
4320
3322
3326
4321
3323
3327
4322
3324
3328
4323
3329
4324
3326
3330
4325
3327
3331
4326
3328
3332
4327
3329
3333
4328
3334
4329
3331
3335
4330
3332
3336
4331
3333
3337
4332
3334
3338
4333
3339
4334
3336
3340
4335
3337
3341
4336
3338
3342
4337
3339
3343
4338
3344
4339
3341
3345
4340
3342
3346
4341
3343
3347
4342
3344
3348
4343
3349
4344
3346
3350
4345
3347
3351
4346
3348
3352
4347
3349
3353
4348
3354
4349
3351
3355
4350
3352
3356
4351
3353
3357
4352
3354
3358
4353
3359
4354
3356
3360
4355
3357
3361
4356
3358
3362
4357
3359
3363
4358
3364
4359
3361
3365
4360
3362
3366
4361
3363
3367
4362
3364
3368
4363
3369
4364
3366
3370
4365
3367
3371
4366
3368
3372
4367
3369
3373
4368
3374
4369
3371
3375
4370
3372
3376
4371
3373
3377
4372
3374
3378
4373
3379
4374
3376
3380
4375
3377
3381
4376
3378
3382
4377
3379
3383
4378
3384
4379
3381
3385
4380
3382
3386
4381
3383
3387
4382
3384
3388
4383
3389
4384
3386
3390
4385
3387
3391
4386
3388
3392
4387
3389
3393
4388
3394
4389
3391
3395
4390
3392
3396
4391
3393
3397
4392
3394
3398
4393
3399
4394
3396
3400
4395
3397
3401
4396
3398
3402
4397
3399
3403
4398
3404
4399
3401
3405
4400
3402
3406
4401
3403
3407
4402
3404
3408
4403
3409
4404
3406
3410
4405
3407
3411
4406
3408
3412
4407
3409
3413
4408
3414
4409
3411
3415
4410
3412
3416
4411
3413
3417
4412
3414
3418
4413
3419
4414
3416
3420
4415
3417
3421
4416
3418
3422
4417
3419
3423
4418
3424
4419
3421
3425
4420
3422
3426
4421
3423
3427
4422
3424
3428
4423
3429
4424
3426
3430
4425
3427
3431
4426
3428
3432
4427
3429
3433
4428
3434
4429
3431
3435
4430
3432
3436
4431
3433
3437
4432
3434
3438
4433
3439
4434
3436
3440
4435
3437
3441
4436
3438
3442
4437
3439
3443
4438
3444
4439
3441
3445
4440
3442
3446
4441
3443
3447
4442
3444
3448
4443
3449
4444
3446
3450
4445
3447
3451
4446
3448
3452
4447
3449
3453
4448
3454
4449
3451
3455
4450
3452
3456
4451
3453
3457
4452
3454
3458
4453
3459
4454
3456
3460
4455
3457
3461
4456
3458
3462
4457
3459
3463
4458
3464
4459
3461
3465
4460
3462
3466
4461
3463
3467
4462
3464
3468
4463
3469
4464
3466
3470
4465
3467
3471
4466
3468
3472
4467
3469
3473
4468
3474
4469
3471
3475
4470
3472
3476
4471
3473
3477
4472
3474
3478
4473
3479
4474
3476
3480
4475
3477
3481
4476
3478
3482
4477
3479
3483
4478
3484
4479
3481
3485
4480
3482
3486
4481
3483
3487
4482
3484
3488
4483
3489
4484
3486
3490
4485
3487
3491
4486
3488
3492
4487
3489
3493
4488
3494
4489
3491
3495
4490
3492
3496
4491
3493
3497
4492
3494
3498
4493
3499
4494
3496
3500
4495
3497
3501
4496
3498
3502
4497
3499
3503
4498
3504
4499
3501
3505
4500
3502
3506
4501
3503
3507
4502
3504
3508
4503
3509
4504
3506
3510
4505
3507
3511
4506
3508
3512
4507
3509
3513
4508
3514
4509
3511
3515
4510
3512
3516
4511
3513
3517
4512
3514
3518
4513
3519
4514
3516
3520
4515
3517
3521
4516
3518
3522
4517
3519
3523
4518
3524
4519
3521
3525
4520
3522
3526
4521
3523
3527
4522
3524
3528
4523
3529
4524
3526
3530
4525
3527
3531
4526
3528
3532
4527
3529
3533
4528
3534
4529
3531
3535
4530
3532
3536
4531
3533
3537
4532
3534
3538
4533
3539
4534
3536
3540
4535
3537
3541
4536
3538
3542
4537
3539
3543
4538
3544
4539
3541
3545
4540
3542
3546
4541
3543
3547
4542
3544
3548
4543
3549
4544
3546
3550
4545
3547
3551
4546
3548
3552
4547
3549
3553
4548
3554
4549
3551
3555
4550
3552
3556
4551
3553
3557
4552
3554
3558
4553
3559
4554
3556
3560
4555
3557
3561
4556
3558
3562
4557
3559
3563
4558
3564
4559
3561
3565
4560
3562
3566
4561
3563
3567
4562
3564
3568
4563
3569
4564
3566
3570
4565
3567
3571
4566
3568
3572
4567
3569
3573
4568
3574
4569
3571
3575
4570
3572
3576
4571
3573
3577
4572
3574
3578
4573
3579
4574
3576
3580
4575
3577
3581
4576
3578
3582
4577
3579
3583
4578
3584
4579
3581
3585
4580
3582
3586
4581
3583
3587
4582
3584
3588
4583
3589
4584
3586
3590
4585
3587
3591
4586
3588
3592
4587
3589
3593
4588
3594
4589
3591
3595
4590
3592
3596
4591
3593
3597
4592
3594
3598
4593
3599
4594
3596
3600
4595
3597
3601
4596
3598
3602
4597
3599
3603
4598
3604
4599
3601
3605
4600
3602
3606
4601
3603
3607
4602
3604
3608
4603
3609
4604
3606
3610
4605
3607
3611
4606
3608
3612
4607
3609
3613
4608
3614
4609
3611
3615
4610
3612
3616
4611
3613
3617
4612
3614
3618
4613
3619
4614
3616
3620
4615
3617
3621
4616
3618
3622
4617
3619
3623
4618
3624
4619
3621
3625
4620
3622
3626
4621
3623
3627
4622
3624
3628
4623
3629
4624
3626
3630
4625
3627
3631
4626
3628
3632
4627
3629
3633
4628
3634
4629
3631
3635
4630
3632
3636
4631
3633
3637
4632
3634
3638
4633
3639
4634
3636
3640
4635
3637
3641
4636
3638
3642
4637
3639
3643
4638
3644
4639
3641
3645
4640
3642
3646
4641
3643
3647
4642
3644
3648
4643
3649
4644
3646
3650
4645
3647
3651
4646
3648
3652
4647
3649
3653
4648
3654
4649
3651
3655
4650
3652
3656
4651
3653
3657
4652
3654
3658
4653
3659
4654
3656
3660
4655
3657
3661
4656
3658
3662
4657
3659
3663
4658
3664
4659
3661
3665
4660
3662
3666
4661
3663
3667
4662
3664
3668
4663
3669
4664
3666
3670
4665
3667
3671
4666
3668
3672
4667
3669
3673
4668
3674
4669
3671
3675
4670
3672
3676
4671
3673
3677
4672
3674
3678
4673
3679
4674
3676
3680
4675
3677
3681
4676
3678
3682
4677
3679
3683
4678
3684
4679
3681
3685
4680
3682
3686
4681
3683
3687
4682
3684
3688
4683
3689
4684
3686
3690
4685
3687
3691
4686
3688
3692
4687
3689
3693
4688
3694
4689
3691
3695
4690
3692
3696
4691
3693
3697
4692
3694
3698
4693
3699
4694
3696
3700
4695
3697
3701
4696
3698
3702
4697
3699
3703
4698
3704
4699
3701
3705
4700
3702
3706
4701
3703
3707
4702
3704
3708
4703
3709
4704
3706
3710
4705
3707
3711
4706
3708
3712
4707
3709
3713
4708
3714
4709
3711
3715
4710
3712
3716
4711
3713
3717
4712
3714
3718
4713
3719
4714
3716
3720
4715
3717
3721
4716
3718
3722
4717
3719
3723
4718
3724
4719
3721
3725
4720
3722
3726
4721
3723
3727
4722
3724
3728
4723
3729
4724
3726
3730
4725
3727
3731
4726
3728
3732
4727
3729
3733
4728
3734
4729
3731
3735
4730
3732
3736
4731
3733
3737
4732
3734
3738
4733
3739
4734
3736
3740
4735
3737
3741
4736
3738
3742
4737
3739
3743
4738
3744
4739
3741
3745
4740
3742
3746
4741
3743
3747
4742
3744
3748
4743
3749
4744
3746
3750
4745
3747
3751
4746
3748
3752
4747
3749
3753
4748
3754
4749
3751
3755
4750
3752
3756
4751
3753
3757
4752
3754
3758
4753
3759
4754
3756
3760
4755
3757
3761
4756
3758
3762
4757
3759
3763
4758
3764
4759
3761
3765
4760
3762
3766
4761
3763
3767
4762
3764
3768
4763
3769
4764
3766
3770
4765
3767
3771
4766
3768
3772
4767
3769
3773
4768
3774
4769
3771
3775
4770
3772
3776
4771
3773
3777
4772
3774
3778
4773
3779
4774
3776
3780
4775
3777
3781
4776
3778
3782
4777
3779
3783
4778
3784
4779
3781
3785
4780
3782
3786
4781
3783
3787
4782
3784
3788
4783
3789
4784
3786
3790
4785
3787
3791
4786
3788
3792
4787
3789
3793
4788
3794
4789
3791
3795
4790
3792
3796
4791
3793
3797
4792
3794
3798
4793
3799
4794
3796
3800
4795
3797
3801
4796
3798
3802
4797
3799
3803
4798
3804
4799
3801
3805
4800
3802
3806
4801
3803
3807
4802
3804
3808
4803
3809
4804
3806
3810
4805
3807
3811
4806
3808
3812
4807
3809
3813
4808
3814
4809
3811
3815
4810
3812
3816
4811
3813
3817
4812
3814
3818
4813
3819
4814
3816
3820
4815
3817
3821
4816
3818
3822
4817
3819
3823
4818
3824
4819
3821
3825
4820
3822
3826
4821
3823
3827
4822
3824
3828
4823
3829
4824
3826
3830
4825
3827
3831
4826
3828
3832
4827
3829
3833
4828
3834
4829
3831
3835
4830
3832
3836
4831
3833
3837
4832
3834
3838
4833
3839
4834
3836
3840
4835
3837
3841
4836
3838
3842
4837
3839
3843
4838
3844
4839
3841
3845
4840
3842
3846
4841
3843
3847
4842
3844
3848
4843
3849
4844
3846
3850
4845
3847
3851
4846
3848
3852
4847
3849
3853
4848
3854
4849
3851
3855
4850
3852
3856
4851
3853
3857
4852
3854
3858
4853
3859
4854
3856
3860
4855
3857
3861
4856
3858
3862
4857
3859
3863
4858
3864
4859
3861
3865
4860
3862
3866
4861
3863
3867
4862
3864
3868
4863
3869
4864
3866
3870
4865
3867
3871
4866
3868
3872
4867
3869
3873
4868
3874
4869
3871
3875
4870
3872
3876
4871
3873
3877
4872
3874
3878
4873
3879
4874
3876
3880
4875
3877
3881
4876
3878
3882
4877
3879
3883
4878
3884
4879
3881
3885
4880
3882
3886
4881
3883
3887
4882
3884
3888
4883
3889
4884
3886
3890
4885
3887
3891
4886
3888
3892
4887
3889
3893
4888
3894
4889
3891
3895
4890
3892
3896
4891
3893
3897
4892
3894
3898
4893
3899
4894
3896
3900
4895
3897
3901
4896
3898
3902
4897
3899
3903
4898
3904
4899
3901
3905
4900
3902
3906
4901
3903
3907
4902
3904
3908
4903
3909
4904
3906
3910
4905
3907
3911
4906
3908
3912
4907
3909
3913
4908
3914
4909
3911
3915
4910
3912
3916
4911
3913
3917
4912
3914
3918
4913
3919
4914
3916
3920
4915
3917
3921
4916
3918
3922
4917
3919
3923
4918
3924
4919
3921
3925
4920
3922
3926
4921
3923
3927
4922
3924
3928
4923
3929
4924
3926
3930
4925
3927
3931
4926
3928
3932
4927
3929
3933
4928
3934
4929
3931
3935
4930
3932
3936
4931
3933
3937
4932
3934
3938
4933
3939
4934
3936
3940
4935
3937
3941
4936
3938
3942
4937
3939
3943
4938
3944
4939
3941
3945
4940
3942
3946
4941
3943
3947
4942
3944
3948
4943
3949
4944
3946
3950
4945
3947
3951
4946
3948
3952
4947
3949
3953
4948
3954
4949
3951
3955
4950
3952
3956
4951
3953
3957
4952
3954
3958
4953
3959
4954
3956
3960
4955
3957
3961
4956
3958
3962
4957
3959
3963
4958
3964
4959
3961
3965
4960
3962
3966
4961
3963
3967
4962
3964
3968
4963
3969
4964
3966
3970
4965
3967
3971
4966
3968
3972
4967
3969
3973
4968
3974
4969
3971
3975
4970
3972
3976
4971
3973
3977
4972
3974
3978
4973
3979
4974
3976
3980
4975
3977
3981
4976
3978
3982
4977
3979
3983
4978
3984
4979
3981
3985
4980
3982
3986
4981
3983
3987
4982
3984
3988
4983
3989
4984
3986
3990
4985
3987
3991
4986
3988
3992
4987
3989
3993
4988
3994
4989
3991
3995
4990
3992
3996
4991
3993
3997
4992
3994
3998
4993
3999
4994
3996
4995
3997
4996
3998
4997
3999
4998
4999
4001
4005
4002
4006
4003
4007
4004
4008
4009
4006
4010
4007
4011
4008
4012
4009
4013
4014
4011
4015
4012
4016
4013
4017
4014
4018
4019
4016
4020
4017
4021
4018
4022
4019
4023
4024
4021
4025
4022
4026
4023
4027
4024
4028
4029
4026
4030
4027
4031
4028
4032
4029
4033
4034
4031
4035
4032
4036
4033
4037
4034
4038
4039
4036
4040
4037
4041
4038
4042
4039
4043
4044
4041
4045
4042
4046
4043
4047
4044
4048
4049
4046
4050
4047
4051
4048
4052
4049
4053
4054
4051
4055
4052
4056
4053
4057
4054
4058
4059
4056
4060
4057
4061
4058
4062
4059
4063
4064
4061
4065
4062
4066
4063
4067
4064
4068
4069
4066
4070
4067
4071
4068
4072
4069
4073
4074
4071
4075
4072
4076
4073
4077
4074
4078
4079
4076
4080
4077
4081
4078
4082
4079
4083
4084
4081
4085
4082
4086
4083
4087
4084
4088
4089
4086
4090
4087
4091
4088
4092
4089
4093
4094
4091
4095
4092
4096
4093
4097
4094
4098
4099
4096
4100
4097
4101
4098
4102
4099
4103
4104
4101
4105
4102
4106
4103
4107
4104
4108
4109
4106
4110
4107
4111
4108
4112
4109
4113
4114
4111
4115
4112
4116
4113
4117
4114
4118
4119
4116
4120
4117
4121
4118
4122
4119
4123
4124
4121
4125
4122
4126
4123
4127
4124
4128
4129
4126
4130
4127
4131
4128
4132
4129
4133
4134
4131
4135
4132
4136
4133
4137
4134
4138
4139
4136
4140
4137
4141
4138
4142
4139
4143
4144
4141
4145
4142
4146
4143
4147
4144
4148
4149
4146
4150
4147
4151
4148
4152
4149
4153
4154
4151
4155
4152
4156
4153
4157
4154
4158
4159
4156
4160
4157
4161
4158
4162
4159
4163
4164
4161
4165
4162
4166
4163
4167
4164
4168
4169
4166
4170
4167
4171
4168
4172
4169
4173
4174
4171
4175
4172
4176
4173
4177
4174
4178
4179
4176
4180
4177
4181
4178
4182
4179
4183
4184
4181
4185
4182
4186
4183
4187
4184
4188
4189
4186
4190
4187
4191
4188
4192
4189
4193
4194
4191
4195
4192
4196
4193
4197
4194
4198
4199
4196
4200
4197
4201
4198
4202
4199
4203
4204
4201
4205
4202
4206
4203
4207
4204
4208
4209
4206
4210
4207
4211
4208
4212
4209
4213
4214
4211
4215
4212
4216
4213
4217
4214
4218
4219
4216
4220
4217
4221
4218
4222
4219
4223
4224
4221
4225
4222
4226
4223
4227
4224
4228
4229
4226
4230
4227
4231
4228
4232
4229
4233
4234
4231
4235
4232
4236
4233
4237
4234
4238
4239
4236
4240
4237
4241
4238
4242
4239
4243
4244
4241
4245
4242
4246
4243
4247
4244
4248
4249
4246
4250
4247
4251
4248
4252
4249
4253
4254
4251
4255
4252
4256
4253
4257
4254
4258
4259
4256
4260
4257
4261
4258
4262
4259
4263
4264
4261
4265
4262
4266
4263
4267
4264
4268
4269
4266
4270
4267
4271
4268
4272
4269
4273
4274
4271
4275
4272
4276
4273
4277
4274
4278
4279
4276
4280
4277
4281
4278
4282
4279
4283
4284
4281
4285
4282
4286
4283
4287
4284
4288
4289
4286
4290
4287
4291
4288
4292
4289
4293
4294
4291
4295
4292
4296
4293
4297
4294
4298
4299
4296
4300
4297
4301
4298
4302
4299
4303
4304
4301
4305
4302
4306
4303
4307
4304
4308
4309
4306
4310
4307
4311
4308
4312
4309
4313
4314
4311
4315
4312
4316
4313
4317
4314
4318
4319
4316
4320
4317
4321
4318
4322
4319
4323
4324
4321
4325
4322
4326
4323
4327
4324
4328
4329
4326
4330
4327
4331
4328
4332
4329
4333
4334
4331
4335
4332
4336
4333
4337
4334
4338
4339
4336
4340
4337
4341
4338
4342
4339
4343
4344
4341
4345
4342
4346
4343
4347
4344
4348
4349
4346
4350
4347
4351
4348
4352
4349
4353
4354
4351
4355
4352
4356
4353
4357
4354
4358
4359
4356
4360
4357
4361
4358
4362
4359
4363
4364
4361
4365
4362
4366
4363
4367
4364
4368
4369
4366
4370
4367
4371
4368
4372
4369
4373
4374
4371
4375
4372
4376
4373
4377
4374
4378
4379
4376
4380
4377
4381
4378
4382
4379
4383
4384
4381
4385
4382
4386
4383
4387
4384
4388
4389
4386
4390
4387
4391
4388
4392
4389
4393
4394
4391
4395
4392
4396
4393
4397
4394
4398
4399
4396
4400
4397
4401
4398
4402
4399
4403
4404
4401
4405
4402
4406
4403
4407
4404
4408
4409
4406
4410
4407
4411
4408
4412
4409
4413
4414
4411
4415
4412
4416
4413
4417
4414
4418
4419
4416
4420
4417
4421
4418
4422
4419
4423
4424
4421
4425
4422
4426
4423
4427
4424
4428
4429
4426
4430
4427
4431
4428
4432
4429
4433
4434
4431
4435
4432
4436
4433
4437
4434
4438
4439
4436
4440
4437
4441
4438
4442
4439
4443
4444
4441
4445
4442
4446
4443
4447
4444
4448
4449
4446
4450
4447
4451
4448
4452
4449
4453
4454
4451
4455
4452
4456
4453
4457
4454
4458
4459
4456
4460
4457
4461
4458
4462
4459
4463
4464
4461
4465
4462
4466
4463
4467
4464
4468
4469
4466
4470
4467
4471
4468
4472
4469
4473
4474
4471
4475
4472
4476
4473
4477
4474
4478
4479
4476
4480
4477
4481
4478
4482
4479
4483
4484
4481
4485
4482
4486
4483
4487
4484
4488
4489
4486
4490
4487
4491
4488
4492
4489
4493
4494
4491
4495
4492
4496
4493
4497
4494
4498
4499
4496
4500
4497
4501
4498
4502
4499
4503
4504
4501
4505
4502
4506
4503
4507
4504
4508
4509
4506
4510
4507
4511
4508
4512
4509
4513
4514
4511
4515
4512
4516
4513
4517
4514
4518
4519
4516
4520
4517
4521
4518
4522
4519
4523
4524
4521
4525
4522
4526
4523
4527
4524
4528
4529
4526
4530
4527
4531
4528
4532
4529
4533
4534
4531
4535
4532
4536
4533
4537
4534
4538
4539
4536
4540
4537
4541
4538
4542
4539
4543
4544
4541
4545
4542
4546
4543
4547
4544
4548
4549
4546
4550
4547
4551
4548
4552
4549
4553
4554
4551
4555
4552
4556
4553
4557
4554
4558
4559
4556
4560
4557
4561
4558
4562
4559
4563
4564
4561
4565
4562
4566
4563
4567
4564
4568
4569
4566
4570
4567
4571
4568
4572
4569
4573
4574
4571
4575
4572
4576
4573
4577
4574
4578
4579
4576
4580
4577
4581
4578
4582
4579
4583
4584
4581
4585
4582
4586
4583
4587
4584
4588
4589
4586
4590
4587
4591
4588
4592
4589
4593
4594
4591
4595
4592
4596
4593
4597
4594
4598
4599
4596
4600
4597
4601
4598
4602
4599
4603
4604
4601
4605
4602
4606
4603
4607
4604
4608
4609
4606
4610
4607
4611
4608
4612
4609
4613
4614
4611
4615
4612
4616
4613
4617
4614
4618
4619
4616
4620
4617
4621
4618
4622
4619
4623
4624
4621
4625
4622
4626
4623
4627
4624
4628
4629
4626
4630
4627
4631
4628
4632
4629
4633
4634
4631
4635
4632
4636
4633
4637
4634
4638
4639
4636
4640
4637
4641
4638
4642
4639
4643
4644
4641
4645
4642
4646
4643
4647
4644
4648
4649
4646
4650
4647
4651
4648
4652
4649
4653
4654
4651
4655
4652
4656
4653
4657
4654
4658
4659
4656
4660
4657
4661
4658
4662
4659
4663
4664
4661
4665
4662
4666
4663
4667
4664
4668
4669
4666
4670
4667
4671
4668
4672
4669
4673
4674
4671
4675
4672
4676
4673
4677
4674
4678
4679
4676
4680
4677
4681
4678
4682
4679
4683
4684
4681
4685
4682
4686
4683
4687
4684
4688
4689
4686
4690
4687
4691
4688
4692
4689
4693
4694
4691
4695
4692
4696
4693
4697
4694
4698
4699
4696
4700
4697
4701
4698
4702
4699
4703
4704
4701
4705
4702
4706
4703
4707
4704
4708
4709
4706
4710
4707
4711
4708
4712
4709
4713
4714
4711
4715
4712
4716
4713
4717
4714
4718
4719
4716
4720
4717
4721
4718
4722
4719
4723
4724
4721
4725
4722
4726
4723
4727
4724
4728
4729
4726
4730
4727
4731
4728
4732
4729
4733
4734
4731
4735
4732
4736
4733
4737
4734
4738
4739
4736
4740
4737
4741
4738
4742
4739
4743
4744
4741
4745
4742
4746
4743
4747
4744
4748
4749
4746
4750
4747
4751
4748
4752
4749
4753
4754
4751
4755
4752
4756
4753
4757
4754
4758
4759
4756
4760
4757
4761
4758
4762
4759
4763
4764
4761
4765
4762
4766
4763
4767
4764
4768
4769
4766
4770
4767
4771
4768
4772
4769
4773
4774
4771
4775
4772
4776
4773
4777
4774
4778
4779
4776
4780
4777
4781
4778
4782
4779
4783
4784
4781
4785
4782
4786
4783
4787
4784
4788
4789
4786
4790
4787
4791
4788
4792
4789
4793
4794
4791
4795
4792
4796
4793
4797
4794
4798
4799
4796
4800
4797
4801
4798
4802
4799
4803
4804
4801
4805
4802
4806
4803
4807
4804
4808
4809
4806
4810
4807
4811
4808
4812
4809
4813
4814
4811
4815
4812
4816
4813
4817
4814
4818
4819
4816
4820
4817
4821
4818
4822
4819
4823
4824
4821
4825
4822
4826
4823
4827
4824
4828
4829
4826
4830
4827
4831
4828
4832
4829
4833
4834
4831
4835
4832
4836
4833
4837
4834
4838
4839
4836
4840
4837
4841
4838
4842
4839
4843
4844
4841
4845
4842
4846
4843
4847
4844
4848
4849
4846
4850
4847
4851
4848
4852
4849
4853
4854
4851
4855
4852
4856
4853
4857
4854
4858
4859
4856
4860
4857
4861
4858
4862
4859
4863
4864
4861
4865
4862
4866
4863
4867
4864
4868
4869
4866
4870
4867
4871
4868
4872
4869
4873
4874
4871
4875
4872
4876
4873
4877
4874
4878
4879
4876
4880
4877
4881
4878
4882
4879
4883
4884
4881
4885
4882
4886
4883
4887
4884
4888
4889
4886
4890
4887
4891
4888
4892
4889
4893
4894
4891
4895
4892
4896
4893
4897
4894
4898
4899
4896
4900
4897
4901
4898
4902
4899
4903
4904
4901
4905
4902
4906
4903
4907
4904
4908
4909
4906
4910
4907
4911
4908
4912
4909
4913
4914
4911
4915
4912
4916
4913
4917
4914
4918
4919
4916
4920
4917
4921
4918
4922
4919
4923
4924
4921
4925
4922
4926
4923
4927
4924
4928
4929
4926
4930
4927
4931
4928
4932
4929
4933
4934
4931
4935
4932
4936
4933
4937
4934
4938
4939
4936
4940
4937
4941
4938
4942
4939
4943
4944
4941
4945
4942
4946
4943
4947
4944
4948
4949
4946
4950
4947
4951
4948
4952
4949
4953
4954
4951
4955
4952
4956
4953
4957
4954
4958
4959
4956
4960
4957
4961
4958
4962
4959
4963
4964
4961
4965
4962
4966
4963
4967
4964
4968
4969
4966
4970
4967
4971
4968
4972
4969
4973
4974
4971
4975
4972
4976
4973
4977
4974
4978
4979
4976
4980
4977
4981
4978
4982
4979
4983
4984
4981
4985
4982
4986
4983
4987
4984
4988
4989
4986
4990
4987
4991
4988
4992
4989
4993
4994
4991
4995
4992
4996
4993
4997
4994
4998
4999
4996
4997
4998
4999
)


// ************************************************************************* //
